3.017081280324146464e-01
1.714791737580223741e+00
9.580163702280758642e+00
5.168565289637257365e+01
2.631426916846336894e+02
1.163558552723018238e+03
4.030325529226459366e+03
1.048468657131494183e+04
2.133503179820544028e+04
3.620749831459863344e+04
5.445054947319826169e+04
7.546021820886299247e+04
9.814845373771380400e+04
1.222513488780545740e+05
1.477809143199397076e+05
1.735566510789716558e+05
2.005175165685872489e+05
2.270204282433885674e+05
2.531635240613576316e+05
2.808448958991070394e+05
