5.850039247544606136e-01
2.921275386297828014e+00
1.411153327549037684e+01
6.505818950602336770e+01
2.757090138016674246e+02
1.004117099285899485e+03
2.918350149518618764e+03
6.685624053508656289e+03
1.258090764268693601e+04
2.053164673880361079e+04
3.038569913191552041e+04
4.184456566745878808e+04
5.461173705568195874e+04
6.871691354750114260e+04
8.365383048023878655e+04
9.950422086362369009e+04
1.157762061904231523e+05
1.329980879603268695e+05
1.503448118645002251e+05
1.682249451376539364e+05
