-8.966003269658592498e-03,-7.650066386507839260e-03,-6.308929107039730824e-03,-4.929447929160745735e-03,-3.491523515862532661e-03,-1.967749137801191005e-03,-3.373406737685212737e-04,1.416529163167496363e-03,3.255327556242394726e-03,5.176346269695849926e-03,7.165738025369032885e-03,9.205044194118229203e-03,1.129042743807795804e-02,1.341417077601758483e-02,1.556866802489777733e-02,1.775322178859573691e-02,1.996035756758034879e-02,2.218310224066949443e-02,2.442767908014320880e-02,2.668483740172703650e-02
-5.677200863620199094e-03,-4.747454506181219246e-03,-3.797087221424528224e-03,-2.812725293605202945e-03,-1.770474210865462424e-03,-6.292401307187173035e-04,6.599085922608727891e-04,2.140719309052480351e-03,3.772380583894279805e-03,5.541898264099630149e-03,7.420943304464304620e-03,9.379442239032245374e-03,1.140542861681942584e-02,1.348599341096123200e-02,1.560801791227692421e-02,1.776776518091437163e-02,1.995840116126516850e-02,2.216874332649573093e-02,2.440259716460886283e-02,2.665173752354883796e-02
-3.379835239653344783e-03,-2.719682379769274364e-03,-2.043842954717023461e-03,-1.340967960379182197e-03,-5.881910826232536775e-04,2.616344479914613740e-04,1.281241909052052404e-03,2.545542803412837157e-03,4.021984519192652562e-03,5.686808859766630947e-03,7.496077603691830328e-03,9.409097161590449301e-03,1.140482106678429239e-02,1.346576332002608935e-02,1.557463041565299196e-02,1.772509957083024529e-02,1.991075510306294233e-02,2.211838581749333080e-02,2.434935569604334757e-02,2.659719824121400608e-02
-1.844340162491906951e-03,-1.364707307522292513e-03,-8.733218568481229812e-04,-3.611477990006945762e-04,1.919217194843927531e-04,8.336649686521796455e-04,1.652575801198668051e-03,2.752588168856169321e-03,4.116716957257233848e-03,5.711612353809529009e-03,7.478221324634322202e-03,9.366853730682586990e-03,1.134829085764312538e-02,1.340132724954929376e-02,1.550617018694013839e-02,1.765458708526104065e-02,1.983955635053843286e-02,2.204819366709432141e-02,2.427961413157683421e-02,2.652886379081761947e-02
-8.125861585479323941e-04,-4.548451600536423771e-04,-8.823002255997652475e-05,2.943018218989249088e-04,7.098812734707512411e-04,1.204156806660024214e-03,1.874482348871196052e-03,2.849012634855351608e-03,4.130451694696487229e-03,5.677530278852536624e-03,7.417313524721644638e-03,9.292759243781504794e-03,1.126786196866433158e-02,1.331837537282146676e-02,1.542326495310282659e-02,1.757269303780085654e-02,1.975859061346972589e-02,2.196965595077058145e-02,2.420293108395579068e-02,2.645460405980623250e-02
-1.386979925146768807e-04,1.385657845221384681e-04,4.227047918371872742e-04,7.191885895055736416e-04,1.042508503963052212e-03,1.435050186340944191e-03,1.997929673451250780e-03,2.877649713062740717e-03,4.098203320278636860e-03,5.612316134929023689e-03,7.335034424154958377e-03,9.203587720076242609e-03,1.117657673442770672e-02,1.322722312609460153e-02,1.533409902987159859e-02,1.748584755328760204e-02,1.967346379009823551e-02,2.188752917504931811e-02,2.412331484601728387e-02,2.637778564123381339e-02
2.617024692935018414e-04,4.898579303294399055e-04,7.235989171994344511e-04,9.672068654795173406e-04,1.233047814866669069e-03,1.560038066294134381e-03,2.049572836653407951e-03,2.860383830483279564e-03,4.037278248191664316e-03,5.529019180228682273e-03,7.241089965091481589e-03,9.106545862696579716e-03,1.107983906928970350e-02,1.313204726575972411e-02,1.524189075620828102e-02,1.739654147163061451e-02,1.958641862257176625e-02,2.180371708982150464e-02,2.404236329734184968e-02,2.629977616921050365e-02
4.358593965215081488e-04,6.405041618477951134e-04,8.500328283114265242e-04,1.067861156407881899e-03,1.304784654601781656e-03,1.596566298387666573e-03,2.042663225755979566e-03,2.808064286350338713e-03,3.956142380195993777e-03,5.433726949168421645e-03,7.139781293245640002e-03,9.004685838045586171e-03,1.097984664936728187e-02,1.303450924795056427e-02,1.514787556451651501e-02,1.730574863238755826e-02,1.949836465041531949e-02,2.171899399001392048e-02,2.396072716347778450e-02,2.622115872562529384e-02
4.038375296417467367e-04,6.078764971993132205e-04,8.166185451848033015e-04,1.032878556145356858e-03,1.266434950642774228e-03,1.550513247091187246e-03,1.981339205772926406e-03,2.724462997592009845e-03,3.858035461120342107e-03,5.328753595130915344e-03,7.032675342110119264e-03,8.899056628128546378e-03,1.087731982889646697e-02,1.293515385783132465e-02,1.505244950839876479e-02,1.721382286653044477e-02,1.940964885502993037e-02,2.163365163011257350e-02,2.387867151251644657e-02,2.614218304203204737e-02
1.620451743596153260e-04,3.883173006935311663e-04,6.196177355872176974e-04,8.583801512170403589e-04,1.113915971783098913e-03,1.417706236875673721e-03,1.862065317315322877e-03,2.607645298673744172e-03,3.742287039887509485e-03,5.213874672045965171e-03,6.919663858734437234e-03,8.789549682197403402e-03,1.077216128126645342e-02,1.283393161914598082e-02,1.495558336984452799e-02,1.712080802098665464e-02,1.932033812509471524e-02,2.154772540856645865e-02,2.379628921891563734e-02,2.606292388240353045e-02
-3.172104279506373367e-04,-4.331180201731649735e-05,2.364848480274137749e-04,5.244177321863263295e-04,8.298906226774177769e-04,1.183531767108869735e-03,1.673368300603526393e-03,2.449776087877745742e-03,3.604212048375232073e-03,5.086376471143509714e-03,6.799106734455684711e-03,8.675054478512477657e-03,1.066357479773770087e-02,1.273028977227715595e-02,1.485688324058985314e-02,1.702647531864041192e-02,1.923026386203603375e-02,2.146103160065814322e-02,2.371354774806386581e-02,2.598330970437852036e-02
-1.090266253813396624e-03,-7.377340853206406160e-04,-3.777926694511770603e-04,-8.245237629402635710e-06,3.809836412124847417e-04,8.205777176821711389e-04,1.393840671027226762e-03,2.235341717617623809e-03,3.433551036427893218e-03,4.939875956638699502e-03,6.667048541343525633e-03,8.552958658360794095e-03,1.054971108858136081e-02,1.262290581441754926e-02,1.475537220084406631e-02,1.693014862737274306e-02,1.913884983570234358e-02,2.137306183790781480e-02,2.363017016323088956e-02,2.590304537864278681e-02
-2.253612276407794979e-03,-1.781581498390778047e-03,-1.299821126888558304e-03,-8.060788687195180905e-04,-2.890244348605672904e-04,2.828552458150972691e-04,9.871402063076082159e-04,1.936669598340980299e-03,3.210457032633638741e-03,4.761003028598401188e-03,6.514729226696350413e-03,8.417388057684977928e-03,1.042640787803092960e-02,1.250875067308019131e-02,1.464876402754775910e-02,1.683013248133569117e-02,1.904455210015090078e-02,2.128261294991705410e-02,2.354519611233112097e-02,2.582131947956792933e-02
-3.971327456277352896e-03,-3.321934469670485141e-03,-2.659426648218422840e-03,-1.981569932203268870e-03,-1.275305325799624273e-03,-5.080067692766778147e-04,3.898629451366603300e-04,1.503074248264454861e-03,2.895767075073836083e-03,4.521020030588418677e-03,6.321810493375762743e-03,8.254033416048283528e-03,1.028332837998762080e-02,1.238018845463889801e-02,1.453124943318361006e-02,1.672197923352317789e-02,1.894334681970998371e-02,2.118669791241557798e-02,2.345580448443838201e-02,2.573594349350870683e-02
-6.531929393337003280e-03,-5.617019236185245845e-03,-4.684224154525493816e-03,-3.731971949138153215e-03,-2.745554379084616872e-03,-1.692317194284644185e-03,-5.154188282484019551e-04,8.360878649952937147e-04,2.408347020377192040e-03,4.155617062110558355e-03,6.039108947573415195e-03,8.026138505257036232e-03,1.009305395496247829e-02,1.221673221494322219e-02,1.438737101953945462e-02,1.659394490394087984e-02,1.882544843798057005e-02,2.107833668059855281e-02,2.335534960414031511e-02,2.564208931820335935e-02
-1.019256370385246586e-02,-8.895915633260878530e-03,-7.575469134398248212e-03,-6.232421725557206471e-03,-4.852267153404432772e-03,-3.406205831322459045e-03,-1.856318685812296957e-03,-1.851282777412456180e-04,1.636798537468693322e-03,3.567648461565149035e-03,5.586278314690473409e-03,7.670697443708306834e-03,9.808275082173660217e-03,1.198460331210192756e-02,1.419439751873339400e-02,1.643193891203092311e-02,1.868377042640951419e-02,2.095673539621204992e-02,2.324550913311335121e-02,2.554550471071689519e-02
