5.306160444187910108e-02
2.614450551436929837e-01
1.292888976979693405e+00
6.363747762758093174e+00
3.138257298835328157e+01
1.486118494049582637e+02
6.321141294329834182e+02
2.018225436255556133e+03
4.561874968889730553e+03
7.767914127439045842e+03
1.097704440503589285e+04
1.384161141235543437e+04
1.625888053781171402e+04
1.827281560614326008e+04
1.993414230915757798e+04
2.132030867876046250e+04
2.249711348271920724e+04
2.350049672570171606e+04
2.437121018421799454e+04
2.513118638807285970e+04
