3.048224725109305311e-01
1.201084889500585895e+00
4.661740182594522608e+00
1.775517845849367760e+01
6.504004390870149166e+01
2.204351150463529905e+02
6.462454330706908650e+02
1.524505216282697347e+03
2.872646235860782781e+03
4.507999027377011771e+03
6.221433878833607196e+03
7.900321185844521096e+03
9.488633280101328637e+03
1.096645572520744281e+04
1.233547539628573759e+04
1.359575241698966238e+04
1.475275729967110055e+04
1.581451607200564467e+04
1.679442589428700376e+04
1.769956559145651408e+04
