2.523499493312344022e+00
1.188538776578676881e+01
5.447834494672277117e+01
2.367086904658061428e+02
9.283811593165970635e+02
3.103422034392617206e+03
8.235019611065055869e+03
1.752132466880406355e+04
3.137858564876511082e+04
4.912034519169145642e+04
7.008052826659423590e+04
9.338761619503454131e+04
1.185200468421236728e+05
1.445234432637363789e+05
1.717188721316102310e+05
1.993094717198758735e+05
2.283121134758507251e+05
2.565874469368150749e+05
2.846860598936678725e+05
3.125267873184129712e+05
