5.103324398935163431e-02
2.663372524905215366e-01
1.373140758316679699e+00
6.929450619321409377e+00
3.344409666582603080e+01
1.469518857057312289e+02
5.264663355968552878e+02
1.374248455044443290e+03
2.665834136299828515e+03
4.147958734325286059e+03
5.661550005551486720e+03
7.113696377780766852e+03
8.463183517837116597e+03
9.706174996629501038e+03
1.084171082342820773e+04
1.187781034699581323e+04
1.281874301022648797e+04
1.368090124485274828e+04
1.446501600926189349e+04
1.518691266873328277e+04
