1.910464240677174283e-02
1.101955083419421805e-01
6.281082083174341912e-01
3.513785546497963264e+00
1.894762324773773088e+01
9.370621121634965789e+01
3.791146191642516783e+02
1.086746255236000252e+03
2.217642361497565616e+03
3.555040026766076608e+03
4.937387485615966398e+03
6.283109327828346977e+03
7.552086524789012401e+03
8.731629712406378530e+03
9.822437828600823195e+03
1.082313367242877393e+04
1.174169353482754923e+04
1.259054610032359415e+04
1.336866452561930237e+04
1.408955592692007485e+04
