1.349032379794157764e-02
9.178186023475379263e-02
6.166482138723247131e-01
4.059119812429639929e+00
2.626863104567185303e+01
1.547219347708250439e+02
7.331852579082686816e+02
2.270194624668548386e+03
4.722786207858453054e+03
7.418388743318525485e+03
9.969173495746717890e+03
1.207556172881557359e+04
1.375542970856747525e+04
1.509904447937137593e+04
1.616532225786166418e+04
1.703373120156183722e+04
1.775367881109611335e+04
1.835621410831780304e+04
1.887301798340377354e+04
1.931471381474983355e+04
