9.937148528360915598e-03
6.005478684162878639e-02
3.671954904286983123e-01
2.220531223145042254e+00
1.325001161404559369e+01
7.563937246815264359e+01
3.771771017025051265e+02
1.400942280728509331e+03
3.425518423493801947e+03
6.115572387740224258e+03
8.896463030893899486e+03
1.146370785397958389e+04
1.368916785246532345e+04
1.556237908241892728e+04
1.713800502070413131e+04
1.848363397169188465e+04
1.962276472867188932e+04
2.060972075163934642e+04
2.147378590406920193e+04
2.223406259127303565e+04
