2.385753918894574152e-02
1.543970197441404957e-01
9.814329315248028207e-01
6.125272120208441251e+00
3.739545496686597659e+01
2.065549592854874561e+02
9.163100385385231448e+02
2.688451051342640312e+03
5.404300606627884918e+03
8.345281015941278383e+03
1.099230451961646941e+04
1.315523373540013381e+04
1.485036839391439571e+04
1.618920137508862354e+04
1.724081806755793514e+04
1.809011122796487689e+04
1.879202384271527990e+04
1.937289561041017805e+04
1.986810209961394867e+04
2.029116120195038820e+04
