7.726156758827926185e-02
4.876800417082061689e-01
3.050174130136079409e+00
1.871970404067348426e+01
1.097487358787814458e+02
5.757553086449299826e+02
2.389210581285759872e+03
7.166319426809976903e+03
1.587718961828026113e+04
2.861141359629996441e+04
4.459962483358015015e+04
6.326420262643712340e+04
8.414936731501146278e+04
1.064173468230971484e+05
1.297818143810684123e+05
1.538867077922964818e+05
1.787263609032246168e+05
2.035653984000356286e+05
2.274851398862536880e+05
2.527640608264528855e+05
