7.729532850952722028e-04
4.541484328562128171e-03
2.661560829445654836e-02
1.551606784934072281e-01
8.946997825976203966e-01
5.038584309352841295e+00
2.679218864886003715e+01
1.233052164392523906e+02
4.228991491159737848e+02
9.869620301941156413e+02
1.734400573696862011e+03
2.567808407821969013e+03
3.426500294767638024e+03
4.281586724693968790e+03
5.127627545908784668e+03
5.956098216811783459e+03
6.762953247587565784e+03
7.540643159467556870e+03
8.294516753305339080e+03
9.019794896859008077e+03
