5.881699732347278609e-02
3.290004697235501263e-01
1.839752464405012278e+00
1.011644129128487002e+01
5.483752434715649571e+01
2.770213195981252170e+02
1.206680063025464051e+03
4.067172282657446885e+03
1.016174146818999543e+04
1.995550109374252861e+04
3.336922588280395576e+04
4.973625776221048727e+04
6.869698967030989297e+04
8.974992547517189814e+04
1.123066013445212448e+05
1.355723589988321764e+05
1.602928713636913744e+05
1.860462915618327388e+05
2.126520384124800330e+05
2.393096277373952908e+05
