1.198655090817711960e-01
6.746834755013836338e-01
3.713610904640146870e+00
1.977180339807215503e+01
9.898573122502835986e+01
4.376470864102891483e+02
1.546796598305812040e+03
4.150808893536357573e+03
8.660340242350946937e+03
1.512406418418593967e+04
2.338725281664959766e+04
3.330388923563288699e+04
4.436384695188035403e+04
5.682929993597916473e+04
7.038437968466464372e+04
8.473815861948618840e+04
9.958164859407885524e+04
1.155246581607823318e+05
1.317697717742929526e+05
1.485058917648822535e+05
