7.859353707934297467e-03
5.458142850907991145e-02
3.752192146211635326e-01
2.567436965632526658e+00
1.730433304243351955e+01
1.122337780393629885e+02
6.347557638568659968e+02
2.764613279107943526e+03
8.284553813519407413e+03
1.819190557089521462e+04
3.207658889114193880e+04
4.892782232895489869e+04
6.799869999852046021e+04
8.821077687045033963e+04
1.103408569201578212e+05
1.329654737962443905e+05
1.554899965570905479e+05
1.792912143575444934e+05
2.037584709073208214e+05
2.292794666313795024e+05
