5.423150355802643791e-02
3.264272663395992868e-01
1.889414175987651934e+00
1.090299054880975227e+01
5.994043959770458940e+01
3.032007670195050650e+02
1.199723229250123723e+03
3.286493557531861370e+03
6.303761666562033497e+03
9.481423609282977850e+03
1.224955458965186153e+04
1.468497851615578475e+04
1.613513879570812060e+04
1.744034835414398185e+04
1.847119556357150213e+04
1.928693725371669643e+04
1.995673913992242524e+04
2.050882763096609779e+04
2.097787248994269248e+04
2.137517970542970215e+04
