1.914149003371252433e-01
8.671423895686352079e-01
3.876085865329853331e+00
1.688530192040570199e+01
6.979292334104061979e+01
2.598670451626048816e+02
7.933595899549427486e+02
1.833019322367608765e+03
3.317460434417601391e+03
4.973990144766742560e+03
6.638417850295139033e+03
8.203297193877671816e+03
9.636443241872184444e+03
1.092495930184962162e+04
1.209836038594630736e+04
1.315854646527961449e+04
1.411050450925532277e+04
1.497368742701466908e+04
1.575622406921770198e+04
1.647017160070576938e+04
