8.494226414103152933e+01
2.689223067869291413e+02
7.777901932851798392e+02
2.009224247706602227e+03
4.530885617643202750e+03
8.924057816995575195e+03
1.538944483749263600e+04
2.411270893568024258e+04
3.486465059723871673e+04
4.760828750534077699e+04
6.194117337415748625e+04
7.752877191445005883e+04
9.422691817012630054e+04
1.119376552968796896e+05
1.302300302002627141e+05
1.490933464874333004e+05
1.683143129347352660e+05
1.878765131674107397e+05
2.074920699674833741e+05
2.272623880960448005e+05
