2.556885461917975388e-01,2.282825094266561772e-01,1.948216699110486283e-01,1.582284466135937540e-01,1.189095856168736060e-01,7.591569269700035316e-02,2.497582389747025899e-02,-3.221431573353367162e-02,-9.975232125576484477e-02,-1.697161608186887882e-01,-2.387434200983926391e-01,-3.036609702760807994e-01,-3.617488600515990083e-01,-4.124803867926196133e-01,-4.552806936388199555e-01,-4.908222544766798201e-01,-5.200117924367686495e-01,-5.431924061217126010e-01,-5.613809458574068323e-01,-5.749189165958764614e-01
1.274785918106330074e-01,1.030417910192990838e-01,7.982046224641346777e-02,5.663205351434106444e-02,3.290863530949142413e-02,7.125929658291576228e-03,-2.382650414573073486e-02,-6.394056075299987818e-02,-1.160307709401860871e-01,-1.766407822002872274e-01,-2.408751578401506777e-01,-3.035943402271343849e-01,-3.608899198046179868e-01,-4.114133733359337519e-01,-4.542538887090634692e-01,-4.899216799093517039e-01,-5.192781611180202761e-01,-5.426078667507925335e-01,-5.609325962063872462e-01,-5.745920764160610261e-01
7.048050767033603448e-02,5.555940028942120412e-02,4.096835906335437316e-02,2.565140716702282372e-02,9.393773031107796254e-03,-9.120433669290339135e-03,-3.303439046151591951e-02,-6.756193252228995250e-02,-1.163094517289014196e-01,-1.755616330398387936e-01,-2.393265099007344521e-01,-3.019968170064587509e-01,-3.593873710803620058e-01,-4.101053330266655750e-01,-4.531407597791772823e-01,-4.890020820609209951e-01,-5.185485083624332692e-01,-5.420377336118390454e-01,-5.605011108017587951e-01,-5.742805910009529669e-01
3.726530316613860944e-02,2.623865398149309233e-02,1.512740417930787118e-02,3.469301790783365161e-03,-8.831780258441447942e-03,-2.299115000955013685e-02,-4.207072964118892255e-02,-7.200773632250552503e-02,-1.171436344432338628e-01,-1.743464027892996648e-01,-2.373127637718941418e-01,-2.998897796189920473e-01,-3.574666423177893515e-01,-4.084854755799720016e-01,-4.518087988480254391e-01,-4.879333529875570785e-01,-5.177124463225131201e-01,-5.413935449900577623e-01,-5.600216276104400537e-01,-5.739365367495395942e-01
1.627939108580777131e-02,7.706227201464871217e-03,-9.463928039065612214e-04,-9.997190230755114218e-03,-1.956605611298440142e-02,-3.077025278179004036e-02,-4.654071774826657598e-02,-7.322862506756797063e-02,-1.159239020350139454e-01,-1.719629456374794085e-01,-2.346587269341679771e-01,-2.974109901338198858e-01,-3.553051713282007751e-01,-4.066970319178374593e-01,-4.503605506069288666e-01,-4.867833700355154725e-01,-5.168182260124551952e-01,-5.407076951613435378e-01,-5.595133720809316591e-01,-5.735721459206168937e-01
2.979390539770556106e-03,-4.023575699768127713e-03,-1.111375261700278151e-02,-1.853868532021476362e-02,-2.639871420478627495e-02,-3.569477285019486551e-02,-4.919241882158202628e-02,-7.342077665680850351e-02,-1.141337514613633836e-01,-1.692083709086764087e-01,-2.317287193890992525e-01,-2.947242636715207142e-01,-3.529968284878709506e-01,-4.048045565606531171e-01,-4.488409597762085812e-01,-4.855826726799861714e-01,-5.158885472194612021e-01,-5.399961611883030699e-01,-5.589866003026968677e-01,-5.731944470080918563e-01
-4.807782791947244790e-03,-1.086819401673435985e-02,-1.701920244920774108e-02,-2.345783433675721272e-02,-3.026320587241957891e-02,-3.834038258616947331e-02,-5.027291697828421141e-02,-7.262919874673189058e-02,-1.117391706529711620e-01,-1.660741913823045035e-01,-2.285530618664756430e-01,-2.918755449508737554e-01,-3.505820760542594505e-01,-4.028395000950025229e-01,-4.472711704485231587e-01,-4.843457451982707829e-01,-5.149334122840251160e-01,-5.392659588540585913e-01,-5.584461812306464878e-01,-5.728067657249780176e-01
-8.133575286874987834e-03,-1.374421714160961594e-02,-1.944632338293658322e-02,-2.540579349020794658e-02,-3.168334318341021333e-02,-3.910532006356055856e-02,-5.006404103363342600e-02,-7.106163848054547483e-02,-1.088950330291400814e-01,-1.626638427240264528e-01,-2.251929134421041256e-01,-2.889016491783878426e-01,-3.480850769364689512e-01,-4.008186150602605080e-01,-4.456621797011464658e-01,-4.830804171088420307e-01,-5.139580480430818721e-01,-5.385208135363876991e-01,-5.578948380443404798e-01,-5.724109373425185776e-01
-7.409493621846553052e-03,-1.300632009329941163e-02,-1.869509624613501647e-02,-2.462593410139407232e-02,-3.084235538230526222e-02,-3.810943539759224785e-02,-4.862704125619112666e-02,-6.875560671179638261e-02,-1.056341571775415017e-01,-1.590045194320588995e-01,-2.216701290041482308e-01,-2.858195139614792546e-01,-3.455187688887961239e-01,-3.987514037531816324e-01,-4.440205396047643416e-01,-4.817914297998380224e-01,-5.129656886265461235e-01,-5.377630630691361269e-01,-5.573342731303261299e-01,-5.720081056602271952e-01
-2.571859111878563829e-03,-8.590174851792810665e-03,-1.470029141589111743e-02,-2.105125016139924865e-02,-2.767016265268054664e-02,-3.527967992725490609e-02,-4.589298082922564637e-02,-6.567259320485745178e-02,-1.019551512341610316e-01,-1.551081899718805557e-01,-2.179974102953385340e-01,-2.826379971466571606e-01,-3.428900007387678528e-01,-3.966438795826198738e-01,-4.423508327362012937e-01,-4.804819579485435921e-01,-5.119586024432177807e-01,-5.369943609802207973e-01,-5.567656448531868030e-01,-5.715990573345589576e-01
6.931130754187660864e-03,5.264347940495571011e-07,-7.018370173521755462e-03,-1.429102101440631219e-02,-2.182945111212153400e-02,-3.033580498689241595e-02,-4.164934264941842074e-02,-6.168938261351030600e-02,-9.782061955196966196e-02,-1.509755058531243588e-01,-2.141836610857617007e-01,-2.793626619544113399e-01,-3.402014460204338397e-01,-3.945000432443636074e-01,-4.406566138265027854e-01,-4.791543642877306164e-01,-5.109386501160411154e-01,-5.362161347303273651e-01,-5.561898342798723416e-01,-5.711844116695974360e-01
2.233747119660405359e-02,1.387061638660005980e-02,5.325007074480950578e-03,-3.499783221356755642e-03,-1.259606377895070191e-02,-2.267479026650240717e-02,-3.542332752371266796e-02,-5.648536934509889446e-02,-9.305614928598582303e-02,-1.465228863043586682e-01,-2.101951158009541520e-01,-2.759834163360860848e-01,-3.374474819529965086e-01,-3.923209281599572829e-01,-4.389397430362768637e-01,-4.778104275129336775e-01,-5.099076673845792662e-01,-5.354299971800888791e-01,-5.556076270854881649e-01,-5.707647644167210821e-01
4.611555813637126938e-02,3.523550376626412295e-02,2.428266181949724489e-02,1.295027478777089312e-02,1.305274135087949872e-03,-1.137652573732862889e-02,-2.666076418894344074e-02,-4.984100172175475602e-02,-8.769340876628468895e-02,-1.418509552529097217e-01,-2.060977109549469166e-01,-2.725236157752058963e-01,-3.346244001371090349e-01,-3.901037698413518662e-01,-4.371971582431509740e-01,-4.764504496739436212e-01,-5.088670849547797248e-01,-5.346375416899711297e-01,-5.550198285368861395e-01,-5.703407626807355246e-01
8.336400628412421465e-02,6.861148896612877246e-02,5.419520935560120933e-02,3.930786380764814819e-02,2.394681642486472251e-02,7.324292764937706535e-03,-1.203729163350546194e-02,-3.904172043859192864e-02,-7.982685232700181821e-02,-1.358752624155746269e-01,-2.013881309590607183e-01,-2.688025958479642874e-01,-3.316619677818201106e-01,-3.878236599382624550e-01,-4.354108751981987102e-01,-4.750684539457075140e-01,-5.078142163470483750e-01,-5.338372609587203055e-01,-5.544269758333326692e-01,-5.699127720353336368e-01
1.470135033773802558e-01,1.231479168201305985e-01,1.002598080934891528e-01,7.752578119126748990e-02,5.471766001173448968e-02,3.086600203628867001e-02,4.542352330573840372e-03,-2.838771654705874239e-02,-7.302363066390757385e-02,-1.307489406398006093e-01,-1.970617860911569874e-01,-2.651071117340077499e-01,-3.285904000342850240e-01,-3.854372207002221828e-01,-4.335358399656732420e-01,-4.736410990210768723e-01,-5.067361410447587255e-01,-5.330218511520301572e-01,-5.538329212292769643e-01,-5.694843311441503131e-01
2.848024310400909531e-01,2.588445970274125263e-01,2.272246367220622232e-01,1.928204950092697878e-01,1.561856647982260149e-01,1.165928306070659476e-01,7.124236727131998126e-02,2.029554267276087801e-02,-4.250107385279967148e-02,-1.127470286888930251e-01,-1.865534049592476040e-01,-2.589171853652724731e-01,-3.246589504371320545e-01,-3.828988786727383076e-01,-4.317659913904702829e-01,-4.723978370981618546e-01,-5.058475264162640705e-01,-5.323724795352601236e-01,-5.533868385420915859e-01,-5.691694483856166720e-01
