1.124838853489391166e+00
4.204234675009115740e+00
1.534328119268581148e+01
5.413989150275249784e+01
1.797454193111251470e+02
5.316670111587023939e+02
1.323764872658499144e+03
2.626957034153795576e+03
4.354531068599156242e+03
6.192174343165356731e+03
8.006664650416018958e+03
9.670249742714586318e+03
1.117368723300355305e+04
1.249668639824744969e+04
1.368602719167814757e+04
1.475154616565506149e+04
1.569651324941088023e+04
1.654189558492708238e+04
1.730344513023670152e+04
1.799140010228783649e+04
