3.662820172838334148e-03
2.576194515950880684e-02
1.792167268733907415e-01
1.239250693351525934e+00
8.456419483830947215e+00
5.559184039759519180e+01
3.214504408919802927e+02
1.358761139922174380e+03
3.746909020077087007e+03
7.022957098537656748e+03
1.010931730574684480e+04
1.248434968000883964e+04
1.425511337142210687e+04
1.562272225666194754e+04
1.670553811222028889e+04
1.758989118730640621e+04
1.834417049379554373e+04
1.898806465132378071e+04
1.955439747759655074e+04
2.004828801230546742e+04
