5.962842276986232370e+00
1.673095416128534652e+01
4.581408631893634009e+01
1.221700419107986875e+02
3.107735256683204739e+02
7.319425338923360869e+02
1.550957144837019314e+03
2.848704567754424716e+03
4.579917363408372694e+03
6.544314125828059332e+03
8.519552793539345657e+03
1.041968163192715292e+04
1.216833410342044772e+04
1.375712535302254400e+04
1.518188960963948921e+04
1.649611239667858172e+04
1.767619261050668138e+04
1.873904957607829056e+04
1.971053902684186687e+04
2.059889993301682625e+04
