5.051081094188958787e+00
2.096039767722022162e+01
8.324421501672949830e+01
3.073523553586122716e+02
1.005836983621766649e+03
2.766625865231590979e+03
6.289759253870603970e+03
1.195990067153375458e+04
1.987779978070659854e+04
2.997180183697673056e+04
4.180130665659983788e+04
5.517737159031922056e+04
6.987013447411618836e+04
8.556696895702244365e+04
1.023310080096725869e+05
1.196321759786962502e+05
1.376967538803648786e+05
1.559996358646427107e+05
1.747436860112021677e+05
1.936314418661405507e+05
