1.916216668450975713e-01
9.834878611601984844e-01
4.936088188809492294e+00
2.461260401214151017e+01
1.178454490619215704e+02
5.043970257001787445e+02
1.707184366039404267e+03
4.204678381934748359e+03
7.596231488161810375e+03
1.099549382317499476e+04
1.381058227498748056e+04
1.600932868517649877e+04
1.766794018547094311e+04
1.891575712557421866e+04
1.989093886591670162e+04
2.065510639109809563e+04
2.127358786831248290e+04
2.178771646444232829e+04
2.221208154335496511e+04
2.258099006587803888e+04
