3.177118195805785777e-02
2.136712566460321483e-01
1.429982893094477348e+00
9.426227542031215378e+00
5.994560748886616608e+01
3.479537953993753376e+02
1.620488564368023162e+03
5.337598485239538604e+03
1.256532673497656651e+04
2.357369696240533085e+04
3.768688232803182473e+04
5.455429062931918452e+04
7.368817284988253959e+04
9.419121086420303618e+04
1.158020022001757461e+05
1.376049076852987055e+05
1.614151066697934584e+05
1.850134961229240289e+05
2.085746090169867384e+05
2.328876638825649279e+05
