1.361353896165755195e+00
5.706019004842262987e+00
2.348754690280406976e+01
9.328685532689199533e+01
3.484683513466346767e+02
1.182907552439611663e+03
3.495964243302270916e+03
8.672326439827826107e+03
1.776625629197313538e+04
3.117585515177295747e+04
4.828175542874966777e+04
6.870209512081736466e+04
9.199940185527598078e+04
1.170153753598475887e+05
1.431455817422484397e+05
1.707432321108960023e+05
1.991690433418428875e+05
2.282876063698235084e+05
2.579026826244813856e+05
2.882342342047166894e+05
