5.716242465362282414e-03
3.481205035548871896e-02
2.110321098426487241e-01
1.268855920149791094e+00
7.495251483171319506e+00
4.247964504509334205e+01
2.179214952317476843e+02
8.922542610556142790e+02
2.693291466076139386e+03
6.016993982248838620e+03
1.096230952362448443e+04
1.750402774018597484e+04
2.551585800460596511e+04
3.462703508377646358e+04
4.523902126586415397e+04
5.654416460862888925e+04
6.889093806664604926e+04
8.269906831829421571e+04
9.676412366197205847e+04
1.117204323742069100e+05
