7.010492816138447214e-02
3.245350402467642725e-01
1.482423584569821928e+00
6.668034184664366926e+00
2.895634719299453153e+01
1.171593994650239381e+02
4.080715200256935873e+02
1.102250027324367466e+03
2.258744291156528107e+03
3.707417076570719928e+03
5.262482696589609986e+03
6.800911990638118368e+03
8.277007537384117313e+03
9.666369983737287839e+03
1.096860821956854488e+04
1.217487554423429719e+04
1.328968389162353924e+04
1.432617793330785389e+04
1.528829184297494066e+04
1.618644172071767025e+04
