5.899978334832090693e-02
3.047076304289978443e-01
1.545218316578836015e+00
7.645168211658242896e+00
3.609439569735728526e+01
1.550890447751805539e+02
5.444604149221318039e+02
1.402549775542733641e+03
2.700462781211094807e+03
4.196516739856094318e+03
5.724831082577105917e+03
7.192971650150399910e+03
8.561284139607048928e+03
9.825833018041363175e+03
1.098316175203375860e+04
1.203784713053170344e+04
1.300056261870278468e+04
1.388287278503952984e+04
1.469367481568597032e+04
1.543615843791102816e+04
