2.347927730806064206e-01
1.042406067162899852e+00
4.544284815880385686e+00
1.924746382687308710e+01
7.714708755171550081e+01
2.784216273805839137e+02
8.276125597536351961e+02
1.880804895857915653e+03
3.373853200774129618e+03
5.044628631104307715e+03
6.725821423965670874e+03
8.311693345304525792e+03
9.763438011831356562e+03
1.107663138453883948e+04
1.227442921183949329e+04
1.335526343984029882e+04
1.434056046365234033e+04
1.521980856580790169e+04
1.602993798668984709e+04
1.676301056396353670e+04
