2.124305409471082678e-02
1.211373492239052746e-01
6.855047768618843795e-01
3.783550881760260332e+00
2.010715011824231624e+01
9.774695007672355018e+01
3.894153590904808198e+02
1.104627533939027899e+03
2.242257209593342850e+03
3.589739334041875736e+03
4.987706505826408829e+03
6.346061401129555634e+03
7.633510338906224206e+03
8.829572331564368142e+03
9.934649641361367685e+03
1.095654902518144263e+04
1.189543701810521088e+04
1.276283282734248314e+04
1.356408647147977899e+04
1.430409532943581689e+04
