8.385465636234959996e-01
3.774214748484887139e+00
1.638956650123936498e+01
6.805612264247398002e+01
2.616731795303684294e+02
8.843250007856696584e+02
2.473375770344331613e+03
5.668545400205830447e+03
1.081328331240471562e+04
1.794522055277455729e+04
2.701158074008184121e+04
3.756798534683643811e+04
4.981692199647430243e+04
6.295268841935368982e+04
7.780277999365830328e+04
9.341324321066132688e+04
1.095504708388253785e+05
1.270388261589762260e+05
1.444717468707605440e+05
1.633574853717362566e+05
