5.640773493363086644e+00
1.986678389260622524e+01
6.683524632811044341e+01
2.134045876934748946e+02
6.274234462747123189e+02
1.646527918640693542e+03
3.776606270541844424e+03
7.545135685706187360e+03
1.322221717313525005e+04
2.088081462551509685e+04
3.028540583548671202e+04
4.163828739840524213e+04
5.404758800757201243e+04
6.828210666418726032e+04
8.306426566676545190e+04
9.977493872728366114e+04
1.164988272475531267e+05
1.349688769485677185e+05
1.538351024293103837e+05
1.730296508357463172e+05
