1.497368710563629746e+00
5.395048435251560193e+00
1.899521288633849281e+01
6.424511743865984670e+01
2.043806929269986767e+02
5.800387137354595097e+02
1.394629628962332617e+03
2.714394550041371076e+03
4.442548397494967503e+03
6.306670059874428262e+03
8.136073866598713721e+03
9.821174782647087341e+03
1.135026659401124743e+04
1.269439576834290710e+04
1.391538220741066107e+04
1.499530498986329258e+04
1.597096883690954746e+04
1.684106032634047369e+04
1.763152265016125239e+04
1.833983862433848117e+04
