1.590151964768296233e+00
9.730219026730136278e+00
5.543157089632118328e+01
2.615491098850841354e+02
8.279255867242286513e+02
1.825950714930523873e+03
3.037275290501217569e+03
4.325436994681758733e+03
5.619545266549520420e+03
6.890325764219236589e+03
8.107438839483002084e+03
9.271435127632061267e+03
1.037277597665020221e+04
1.141700991616508873e+04
1.240000476896093278e+04
1.332769800161941930e+04
1.420318667117766927e+04
1.503139000874351223e+04
1.593155781772843875e+04
1.654030495847491693e+04
