5.974630344671016502e+00
3.525603944915674504e+01
1.899140514623379090e+02
8.382302216046872445e+02
2.652304678779789356e+03
6.168170365490038421e+03
1.153871064488079537e+04
1.870706850663479418e+04
2.754695620459367638e+04
3.799976144006218237e+04
4.975943233059963677e+04
6.275293696208694018e+04
7.686088552536767384e+04
9.176151691753552586e+04
1.077912770844854094e+05
1.243535230633706087e+05
1.416387696851924993e+05
1.596271056489776529e+05
1.781958041734540020e+05
1.972451730611587991e+05
