5.758407113167978569e-03
3.232845698124447303e-02
1.802814870851195683e-01
9.966727720801226154e-01
5.406539182221684392e+00
2.820440320680236468e+01
1.350118665662593287e+02
5.443964946253823882e+02
1.659935850263549355e+03
3.840495371955806604e+03
7.211081262653517115e+03
1.175010774276702614e+04
1.728818951912951525e+04
2.393152131610115975e+04
3.124204732051896281e+04
3.968513410680016386e+04
4.854366573442577646e+04
5.812100472136316239e+04
6.876780786568268377e+04
7.954947654384729685e+04
