1.353787988550918753e+00
8.182225427983174981e+00
4.638515293098716086e+01
2.197550870973524866e+02
7.122833660239625715e+02
1.572434393165250867e+03
2.707110598660746746e+03
3.892302349732495259e+03
5.092950624945425261e+03
6.275173343806933190e+03
7.417597513769529542e+03
8.516769447598771876e+03
9.563687708491417652e+03
1.056149953561051552e+04
1.150894307645421941e+04
1.240862281994258592e+04
1.326277683486654132e+04
1.407292717798069134e+04
1.484360965739354469e+04
1.557567611891999513e+04
