5.266891391527226851e+00
3.022256949953366956e+01
1.593828795746804872e+02
6.842664936002188369e+02
2.215351730647653312e+03
5.200096884642439363e+03
9.829710735571272380e+03
1.606330059952249030e+04
2.378976094436970743e+04
3.296199038895803824e+04
4.334940928531734244e+04
5.479946827594524075e+04
6.735024088808582746e+04
8.060623122612053703e+04
9.463216209145267203e+04
1.094190840266449813e+05
1.249591537880124524e+05
1.411388676869442861e+05
1.578793833692412009e+05
1.750899902229091967e+05
