1.772881593264842737e+00
1.093165976795511440e+01
6.268245055695262380e+01
2.911446866660903652e+02
9.358953094953435539e+02
1.993842024772511422e+03
3.281815059928688697e+03
4.648158947873021134e+03
6.018457570505834155e+03
7.351322361945619377e+03
8.628550269576649953e+03
9.836988384505242720e+03
1.097557163703751030e+04
1.204704513827187475e+04
1.305396714183857512e+04
1.399848879658929945e+04
1.488470797299950027e+04
1.571688138410287320e+04
1.649913629532483537e+04
1.723349429194194090e+04
