5.670127381459010962e+00
3.306896573003520245e+01
1.769309666610113823e+02
7.663078967858335773e+02
2.460440443136819795e+03
5.753744814862682688e+03
1.080333353062525748e+04
1.756915874280675780e+04
2.592823814821026099e+04
3.582351652063897200e+04
4.699606753988885612e+04
5.941096035604516510e+04
7.285431770490434428e+04
8.713242131090475596e+04
1.024573339931660594e+05
1.183112502472730848e+05
1.348348747710873431e+05
1.520093940056309511e+05
1.697796813045910676e+05
1.880442806122771581e+05
