1.100288315837835845e-01
5.496611205440660175e-01
2.694543610836472425e+00
1.255818868760831819e+01
5.526528673187721097e+01
2.138903279463978606e+02
6.755764288566059577e+02
1.707540922596073869e+03
3.516663252805872162e+03
6.211256358794047628e+03
9.797762279022115763e+03
1.427479509608457920e+04
1.955173724054672493e+04
2.558448539237789009e+04
3.227852244087615691e+04
3.963301533683468006e+04
4.745871802470344846e+04
5.564080261184485425e+04
6.431899654560154158e+04
7.333189270075314562e+04
