9.337277198818372259e-02
4.737339699307506757e-01
2.348565684841707135e+00
1.123502351269794275e+01
5.006027979269293127e+01
1.978191724428894247e+02
6.407591790365055431e+02
1.616665733446724971e+03
3.453151657657283067e+03
6.168270393924189193e+03
9.806553974687949449e+03
1.434995026907450665e+04
1.974530186581915041e+04
2.591567371265620386e+04
3.279590632681981515e+04
4.028171446667355485e+04
4.839261459786399791e+04
5.688251983236991509e+04
6.570311388488255034e+04
7.495935691566824971e+04
