7.903753659657833386e-02
4.070504619775612842e-01
2.049494095614684319e+00
9.949785674532540369e+00
4.473756965864236435e+01
1.802800255590796326e+02
5.972025326837891726e+02
1.563581310222443108e+03
3.394597464765870882e+03
6.120545574680039863e+03
9.817174754454688809e+03
1.442343310570927861e+04
1.996796684378706777e+04
2.624674261658815522e+04
3.333317673747177469e+04
4.101235850843626395e+04
4.928074374456251826e+04
5.791980175442984910e+04
6.695949048427981324e+04
7.645998301434669702e+04
