1.188013928370114103e-01
5.921286367359591685e-01
2.875929058162939977e+00
1.341605902272334916e+01
5.766900983585563267e+01
2.215744117431415532e+02
6.845073979299726261e+02
1.734525174002054882e+03
3.549465690904854910e+03
6.229933341131117231e+03
9.806139646563593487e+03
1.423225663409092522e+04
1.949783681476697529e+04
2.546815399535451434e+04
3.211392876947912737e+04
3.934389809441435500e+04
4.709625123909003742e+04
5.521483123977877403e+04
6.375612853128067945e+04
7.267801155283547996e+04
