8.924208568844779754e-03
4.715399735354838806e-02
2.459985702624518378e-01
1.256216529005161675e+00
6.252002476820459620e+00
2.887715117009372534e+01
1.139752525197054922e+02
3.347113374479653771e+02
7.395746851398199624e+02
1.301450925240120114e+03
1.989685401488147363e+03
2.699197105315106910e+03
3.419948857993374531e+03
4.147620875139639793e+03
4.854207986632136453e+03
5.529614629075341327e+03
6.192127508769061023e+03
6.812383033978063395e+03
7.397481317349223900e+03
7.956552954097347538e+03
