-1.004685158484486772e-02,-8.950170890168532983e-03,-7.845755490078225661e-03,-6.716691390830204465e-03,-5.543291732369975099e-03,-4.349320764025982507e-03,-3.107966714493340128e-03,-1.770429628948482935e-03,-3.922231256695196872e-04,1.042172933477828953e-03,2.542176479485346551e-03,4.083558169437365333e-03,5.645892828574724034e-03,7.273575020671049080e-03,8.903024414426967403e-03,1.057782685651434407e-02,1.227581222226374093e-02,1.396043577572613284e-02,1.568262598035769992e-02,1.741785963595441841e-02
-7.849916137127157037e-03,-6.981984607162271088e-03,-6.105902561500592407e-03,-5.206569201837682286e-03,-4.263932828292607037e-03,-3.290841459999585810e-03,-2.257149583216828091e-03,-1.105086354269761229e-03,1.170617665553338262e-04,1.425310387221265197e-03,2.824041072374903604e-03,4.283977498541168862e-03,5.785561764778254443e-03,7.368116125068402758e-03,8.962439185006313216e-03,1.061119404436352068e-02,1.229481117195132221e-02,1.395923861266615273e-02,1.567092187801363487e-02,1.739848852943412863e-02
-6.134304782872473591e-03,-5.449366482465301843e-03,-4.756474972041195050e-03,-4.042721201035619563e-03,-3.288732104410108537e-03,-2.498778290773971851e-03,-1.638718564848708550e-03,-6.420879322875448596e-04,4.526482550771233709e-04,1.661489697647641631e-03,2.984176554424623241e-03,4.385681567230455963e-03,5.848669064207526365e-03,7.401517647666596388e-03,8.977247438188023024e-03,1.060958730310206620e-02,1.228619555649197205e-02,1.394347975370786169e-02,1.565053256914889987e-02,1.737525549642708611e-02
-4.902830882680275608e-03,-4.352127019350982527e-03,-3.794141653938893494e-03,-3.217887117235784453e-03,-2.605259326215122583e-03,-1.954619750351753275e-03,-1.228080194560117249e-03,-3.516024222221444126e-04,6.472611124788671443e-04,1.784046533684358494e-03,3.054230590319799345e-03,4.417144367334935491e-03,5.858231616140335135e-03,7.392398914252425179e-03,8.959984846255562851e-03,1.058210096807893005e-02,1.225480687311299687e-02,1.391222975634913428e-02,1.561733441949902761e-02,1.734095410917543476e-02
-3.991605812486098866e-03,-3.541934898019582362e-03,-3.085825082032142737e-03,-2.613904005906686825e-03,-2.109589303542065437e-03,-1.567255580003712847e-03,-9.458857154182106087e-04,-1.648629175450177966e-04,7.596438006217123232e-04,1.842537297617127768e-03,3.075175909515799350e-03,4.411588569305716426e-03,5.840069096470426949e-03,7.361603271512746731e-03,8.926072636382625589e-03,1.054149193074756415e-02,1.221129145921715300e-02,1.387187398878376478e-02,1.557616333183854153e-02,1.729929610729045650e-02
-3.299759183683984454e-03,-2.927806692357772921e-03,-2.550262408574175549e-03,-2.159104717237553001e-03,-1.739332363137068276e-03,-1.282717044618898478e-03,-7.458745136889595277e-04,-4.253065841579454961e-05,8.225902444649502328e-04,1.863851296042388439e-03,3.068603968316786605e-03,4.386059280599887387e-03,5.807169387805367726e-03,7.319633660045136471e-03,8.883383472372118755e-03,1.049441061911477596e-02,1.216168243556904269e-02,1.382651056792149821e-02,1.553058455986339702e-02,1.725366987022197707e-02
-2.768529833007671997e-03,-2.456899430335886952e-03,-2.140451568657138984e-03,-1.812288310469631998e-03,-1.458933948480647036e-03,-1.070570045557676410e-03,-6.022200385046628818e-04,3.712969237454305749e-05,8.539116098796627804e-04,1.862236988184139521e-03,3.045630974870057201e-03,4.349087702324297422e-03,5.765857875333031853e-03,7.271560323904726654e-03,8.835727587383749096e-03,1.044396868331485748e-02,1.210898343018176199e-02,1.377828563429213393e-02,1.548252664886966973e-02,1.720597928038160654e-02
-2.361649821919507234e-03,-2.096705047635444991e-03,-1.827612945227848843e-03,-1.548400407397541824e-03,-1.246993437889341383e-03,-9.127254427395217751e-04,-4.997354627469267809e-04,8.679731055473179481e-05,8.638584418177707456e-04,1.845712094272736106e-03,3.012341233388009416e-03,4.305220816589253909e-03,5.719408325477958431e-03,7.219970278727982568e-03,8.785072128994406843e-03,1.039164404029204250e-02,1.205472129987595481e-02,1.372834131208669137e-02,1.543301812036286004e-02,1.715719540184153583e-02
-2.055499433699815772e-03,-1.826123904098345260e-03,-1.593158355886919878e-03,-1.351377335762086714e-03,-1.089946380114689998e-03,-7.978902613952129760e-04,-4.290611456891571399e-04,1.142337064671494718e-04,8.586478819151659300e-04,1.819048712887662289e-03,2.972268923854904168e-03,4.257042925979230737e-03,5.669625325487780143e-03,7.166267150611408364e-03,8.732508239267158107e-03,1.033816411633839416e-02,1.199970194753124421e-02,1.367731343156905824e-02,1.538262548702920562e-02,1.710779661575747776e-02
-1.834226310069635765e-03,-1.631043140290805438e-03,-1.424716475496438798e-03,-1.210608495900645371e-03,-9.789428599176143355e-04,-7.188244597472323236e-04,-3.842882364729486894e-04,1.243133999914932699e-04,8.421724752504227557e-04,1.785195227010225559e-03,2.927556313452222940e-03,4.206096802976188459e-03,5.617549837514387162e-03,7.111252968243771816e-03,8.678671463315409257e-03,1.028390403758050117e-02,1.194435927920822066e-02,1.362556809884056357e-02,1.533166999292156010e-02,1.705801492393837701e-02
-1.687219954421388928e-03,-1.502052064479251830e-03,-1.314082632741409669e-03,-1.119114974063436293e-03,-9.082417437421941948e-04,-6.709267793592945143e-04,-3.617291583365543498e-04,1.200743610094617207e-04,8.168770695218054460e-04,1.745996683480949448e-03,2.879530641577867159e-03,4.153331697252471595e-03,5.563796827559793455e-03,7.055408349609818518e-03,8.623939438244901043e-03,1.022907422598805238e-02,1.188892576036912167e-02,1.357332022290426779e-02,1.528033701258215554e-02,1.700796396240498998e-02
-1.607761330478303446e-03,-1.433223214951441591e-03,-1.256127917951194769e-03,-1.072583511783236233e-03,-8.743609935058848986e-04,-6.514848007856873522e-04,-3.592608603863655325e-04,1.032819489210531195e-04,7.842279946242284357e-04,1.702577912544724287e-03,2.829007956928270701e-03,4.099334077621667391e-03,5.508728540481904086e-03,6.999036791536227334e-03,8.568533571075932775e-03,1.017381303836217658e-02,1.183352336029344816e-02,1.352069698297677161e-02,1.522873401978657240e-02,1.695770293268246756e-02
-1.592303280716824776e-03,-1.421464954682826820e-03,-1.248222198582797128e-03,-1.068858146634071643e-03,-8.756324999499441770e-04,-6.592814443860019061e-04,-3.759767195737434521e-04,7.473035078305236966e-05,7.449635675743059840e-04,1.655548976054909598e-03,2.776456615440261316e-03,4.044449460209252091e-03,5.452547789543848132e-03,6.942341636476176761e-03,8.512575063602628028e-03,1.011823474404398640e-02,1.177821740981481978e-02,1.346777356201500631e-02,1.517692279113004063e-02,1.690726724909215675e-02
-1.640125858166971169e-03,-1.466213309848099500e-03,-1.289961616234749052e-03,-1.107702380693252435e-03,-9.119955698730072618e-04,-6.944121952939921781e-04,-4.120222852556646364e-04,3.438615428253404699e-05,6.992126653445856869e-04,1.605104948347071871e-03,2.722079632787484382e-03,3.988843414456190450e-03,5.395348257637294642e-03,6.885466071185330009e-03,8.456116530886870555e-03,1.006245598338621240e-02,1.172305253783213243e-02,1.341459392198869442e-02,1.512493819231839481e-02,1.685668254230592022e-02
-1.753253415227402565e-03,-1.569360476797428692e-03,-1.383108173864642599e-03,-1.190749327824437796e-03,-9.849557003969726561e-04,-7.582482422659120791e-04,-4.685593514121378983e-04,-1.857995383068190430e-05,6.465187148067803955e-04,1.551050390758309822e-03,2.665840927104550298e-03,3.932522607397645129e-03,5.337138082698391489e-03,6.828509689371878993e-03,8.399158616885105816e-03,1.000661091649402389e-02,1.166807941249236626e-02,1.336118276955226836e-02,1.507279969857677759e-02,1.680597074777089028e-02
-1.936604043647762244e-03,-1.735393619894759661e-03,-1.531717886529491241e-03,-1.321618982157496489e-03,-1.097690060008528652e-03,-8.535289755730641635e-04,-5.478443523510097193e-04,-8.586231955901373026e-05,5.857774478645629262e-04,1.492754674895077323e-03,2.607440905469573383e-03,3.875321521218563683e-03,5.277841784803729078e-03,6.771525926872212255e-03,8.341655326095771816e-03,9.950857659467324950e-03,1.161337529589186526e-02,1.330755104825079999e-02,1.502051844334936076e-02,1.675515231660743704e-02
-2.198410776579490852e-03,-1.971780338158911697e-03,-1.742490821401800928e-03,-1.506232824998973360e-03,-1.255326626499580047e-03,-9.846076903347411678e-04,-6.534421640380541456e-04,-1.702088553048779554e-04,5.150723489746073403e-04,1.429023998112115713e-03,2.546230284255322426e-03,3.816847674372474044e-03,5.217276319294676494e-03,6.714497262843385772e-03,8.283507644934740011e-03,9.895372581803814696e-03,1.155905635653438693e-02,1.325369425803693546e-02,1.496810007871983601e-02,1.670424494699521839e-02
-2.551041812218155132e-03,-2.289717474627881409e-03,-2.025449245980184051e-03,-1.753421596945371188e-03,-1.465482473455645938e-03,-1.157926367489016959e-03,-7.906417658008121083e-04,-2.757860234938494222e-04,4.313598250890834018e-04,1.357849339583527262e-03,2.481028866066564090e-03,3.756360613480025715e-03,5.155084139303454938e-03,6.657275235121819408e-03,8.224539303325475309e-03,9.840321873213347947e-03,1.150527198778584191e-02,1.319957956568817634e-02,1.491554065114795123e-02,1.665325494660224726e-02
-3.012500367170177929e-03,-2.705500265716852173e-03,-2.395177588287071037e-03,-2.076036852121119613e-03,-1.739249008937020832e-03,-1.382886089089879192e-03,-9.672192067294718221e-04,-4.088446025441771006e-04,3.298996160189015593e-04,1.275942039116201776e-03,2.409775592593671033e-03,3.692526766351757889e-03,5.090580966263008773e-03,6.599453076110396547e-03,8.164436316993459869e-03,9.785787053364301477e-03,1.145215657341854161e-02,1.314511272931596399e-02,1.486280717279058611e-02,1.660215074165399818e-02
-3.609197055695253717e-03,-3.243054663231276311e-03,-2.873117561175002853e-03,-2.493010600544672516e-03,-2.093019969923100819e-03,-1.673463547935496922e-03,-1.194853416929633674e-03,-5.789478923225568939e-04,2.032087336315617195e-04,1.177868530983079871e-03,2.328849899422281901e-03,3.622919160514488039e-03,5.022418365325924741e-03,6.540093300319359954e-03,8.102600850162264973e-03,9.731592084762845027e-03,1.139968363860274260e-02,1.309006555850974335e-02,1.480978276497475245e-02,1.655079730085797993e-02
-4.381278166816568106e-03,-3.938807574911431728e-03,-3.491985526582858448e-03,-3.033323379112373101e-03,-2.552016912325193090e-03,-2.051329633829111765e-03,-1.491854426002042809e-03,-8.013308743299952857e-04,3.905078918211587715e-05,1.054364376992407469e-03,2.231702593280754723e-03,3.542956265910650587e-03,4.947818692011514592e-03,6.477116089297269876e-03,8.037785386976510280e-03,9.676905920924291221e-03,1.134730149717336385e-02,1.303391643149503544e-02,1.475612902839964873e-02,1.649881340408457589e-02
-5.393344848359619970e-03,-4.851489963701546143e-03,-4.304668327759423110e-03,-3.744000732546776209e-03,-3.157399369603869181e-03,-2.552141000871840319e-03,-1.888668722854390091e-03,-1.101667509932239631e-03,-1.836542320815311310e-04,8.888539291200653857e-04,2.105945618660687475e-03,3.443545028257339290e-03,4.860781234577930647e-03,6.405854726036789605e-03,7.967147686062832357e-03,9.619308157494852254e-03,1.129308921222643702e-02,1.297548138071562968e-02,1.470096288714911950e-02,1.644529842667404734e-02
-6.755774596928647985e-03,-6.081653077994309160e-03,-5.401946683956586163e-03,-4.706064420263109289e-03,-3.980477522243793843e-03,-3.238152581337094132e-03,-2.438972904384573929e-03,-1.525767054631764529e-03,-5.032706942832225992e-04,6.501354597765588751e-04,1.927077368986128457e-03,3.305822748446059396e-03,4.747918962050148156e-03,6.315671264486286303e-03,7.883913551052897095e-03,9.552679825463589527e-03,1.123200790663873676e-02,1.291215126443722404e-02,1.464227457178336571e-02,1.638852391947883888e-02
-8.647224687368563339e-03,-7.792467055903310597e-03,-6.931577188869659026e-03,-6.051965932372689767e-03,-5.138616454887460529e-03,-4.212812990532852596e-03,-3.233130179774477281e-03,-2.152065569644663785e-03,-9.870483812834830034e-04,2.816863858568805314e-04,1.648771577865330070e-03,3.092657499778279050e-03,4.581517915218117666e-03,6.184389214175072848e-03,7.773663986745439798e-03,9.464356374069341632e-03,1.115423325560743924e-02,1.283991319574749081e-02,1.457762141384401355e-02,1.632754042421247567e-02
-1.106210513109661189e-02,-9.981191922006010103e-03,-8.893525032025079852e-03,-7.784861037688423253e-03,-6.639023549894909094e-03,-5.488277063372402551e-03,-4.288974761180104275e-03,-3.004134286013046030e-03,-1.662594843947777208e-03,-2.457902928203521296e-04,1.242389669212105212e-03,2.778659717383232843e-03,4.342116671223676498e-03,5.997034177653730314e-03,7.629722384651351809e-03,9.349980927497308913e-03,1.106032754653365341e-02,1.276726438269775929e-02,1.451846734672877434e-02,1.627748148416959320e-02
