9.370980418445291546e-03
4.919738870691094806e-02
2.557306088818217527e-01
1.302514045774672669e+00
6.362891236477975276e+00
2.915053085533041610e+01
1.149887698743397806e+02
3.350077951002629675e+02
7.368269012369119082e+02
1.288962128024672666e+03
1.925569275387301559e+03
2.646060345861374117e+03
3.388440935114152580e+03
4.083775314983492535e+03
4.796171549203304494e+03
5.472686174551275144e+03
6.063445847227611921e+03
6.722959003769929950e+03
7.302835457351172408e+03
7.854509168948525257e+03
