8.595608094588162718e-02
4.401648064617848521e-01
2.196232496696650216e+00
1.055536539121343509e+01
4.710427302805042160e+01
1.873242656207836490e+02
6.132166637054043576e+02
1.627874187799726087e+03
3.426885232068629648e+03
6.142481191376477000e+03
9.797845770396937951e+03
1.440107369798386389e+04
1.986945051441016767e+04
2.605816469161203349e+04
3.309574753024407983e+04
4.063787770857886062e+04
4.880871228399129905e+04
5.740572934718016768e+04
6.633860178088185785e+04
7.569261136004098807e+04
