-9.748263462865352016e-03,-8.688860847781476604e-03,-7.604885870814139144e-03,-6.511834387664855277e-03,-5.385289994018870388e-03,-4.213804914632516239e-03,-3.005276800587080004e-03,-1.706110133531556737e-03,-3.720101232928493297e-04,1.024982722250536524e-03,2.473501736472672689e-03,3.955714193114221594e-03,5.456193671808144512e-03,7.011532311470012116e-03,8.587849634810133109e-03,1.019222358595898471e-02,1.181332457907350621e-02,1.345425841675798595e-02,1.511023672759898018e-02,1.677932930724171379e-02
-7.674524877526065977e-03,-6.829960054670882776e-03,-5.963922598405817059e-03,-5.086561777574837712e-03,-4.175325416241423837e-03,-3.213268051817359024e-03,-2.200453029293051276e-03,-1.074426067475752486e-03,1.156895518841898469e-04,1.393862428139576361e-03,2.746163503460210403e-03,4.156012719958812780e-03,5.594968132704646394e-03,7.106991492964680364e-03,8.649364956519448380e-03,1.022875910457989208e-02,1.183041280217130703e-02,1.345826389760209837e-02,1.510315166966928746e-02,1.676382271927735410e-02
-6.028725844433648409e-03,-5.358671038062106165e-03,-4.670305710679843562e-03,-3.970212701675492756e-03,-3.237859800950999151e-03,-2.452542253263784340e-03,-1.606130180838404248e-03,-6.277563673714138190e-04,4.425526071991095424e-04,1.625054217166032027e-03,2.903600706009800640e-03,4.260794717251063270e-03,5.659797240861275634e-03,7.144338018877549774e-03,8.667144240747284845e-03,1.023263309247204010e-02,1.182465865295329564e-02,1.344567341000727466e-02,1.508529007252796920e-02,1.674215630840840408e-02
-4.837863208717432632e-03,-4.296905663139895595e-03,-3.740406819315608786e-03,-3.172846292768552890e-03,-2.575612491939718689e-03,-1.925980961349958286e-03,-1.208585205594144658e-03,-3.454063587288360576e-04,6.337569905097923187e-04,1.745966852990995600e-03,2.973043536850341825e-03,4.295245430216463635e-03,5.671509669313453544e-03,7.140140438486383169e-03,8.652847475016735984e-03,1.021113457235330209e-02,1.179902563157218635e-02,1.341648754134892527e-02,1.505388160058894129e-02,1.670928538424534121e-02
-3.952655833377092393e-03,-3.509364254497154313e-03,-3.052881514254784934e-03,-2.586435025285130102e-03,-2.093202166307573352e-03,-1.549636986108328743e-03,-9.343227046665403051e-04,-1.631823832925068617e-04,7.447663858520525704e-04,1.803904107370802408e-03,2.993996883100562799e-03,4.292083955813431363e-03,5.655416631816871306e-03,7.114365744303375108e-03,8.621675259968205468e-03,1.017595073944036095e-02,1.176211013643443416e-02,1.337767925106783315e-02,1.501425093395527231e-02,1.666927561947808417e-02
-3.278422579665245078e-03,-2.910534637231767564e-03,-2.531415227145984714e-03,-2.143549307038234916e-03,-1.731750648712845593e-03,-1.272459551012180418e-03,-7.394266647068076671e-04,-4.349860729209740405e-05,8.072546854305350092e-04,1.825109480195563324e-03,2.987724882576361582e-03,4.268503159268292012e-03,5.624468984403983331e-03,7.077178326743037949e-03,8.581508429024369694e-03,1.013342037663438402e-02,1.171896414636827352e-02,1.333364717458411508e-02,1.497012946986767991e-02,1.662535410542774830e-02
-2.759449417834192349e-03,-2.450254430981262631e-03,-2.131432979402746349e-03,-1.805054471629380462e-03,-1.457392046118427932e-03,-1.065403720887236330e-03,-5.991736488914083157e-04,3.458479354118096670e-05,8.385777117717422039e-04,1.823619933323402135e-03,2.965279069746646311e-03,4.233223315446576346e-03,5.585025079894733596e-03,7.033513114798859572e-03,8.536207508336071670e-03,1.008671571546117772e-02,1.167222599178912440e-02,1.328668122480277172e-02,1.492350668169487374e-02,1.657927790803339144e-02
-2.361187232538869939e-03,-2.097523314996805124e-03,-1.825518582604805477e-03,-1.547052132574310620e-03,-1.249657507440354864e-03,-9.111376886132077028e-04,-4.989723794740640213e-04,8.333182998251852341e-05,8.487714569059003848e-04,1.807372712721362846e-03,2.932737568198662097e-03,4.190934014056447304e-03,5.540393440403857707e-03,6.985915742183032573e-03,8.487783558319555999e-03,1.003750868476227694e-02,1.162332840868370888e-02,1.323798987522952636e-02,1.487543519107768775e-02,1.653197434810399491e-02
-2.061071593484127551e-03,-1.832165646423654370e-03,-1.595917346711122134e-03,-1.354183421076846690e-03,-1.095542567691370822e-03,-7.988173325081813136e-04,-4.298127638450576372e-04,1.102694681956429380e-04,8.439435600768265986e-04,1.781104309181974444e-03,2.893637146932255544e-03,4.144313843614340874e-03,5.492404491578301712e-03,6.935790882383207137e-03,8.437354665266983203e-03,9.986732869933913001e-03,1.157308627156987575e-02,1.318823955657316693e-02,1.482649154423827491e-02,1.648394516834791185e-02
-1.843929195088399005e-03,-1.640662400213986931e-03,-1.430791798142274111e-03,-1.216288654218634826e-03,-9.865505354094796561e-04,-7.214812087539977572e-04,-3.860007899798186524e-04,1.201344836519820287e-04,8.279285661657992661e-04,1.747743000666084111e-03,2.850116541765293846e-03,4.094958134246987763e-03,5.442113784446428112e-03,6.883952386182823173e-03,8.385567231522998710e-03,9.934927814725385761e-03,1.152197374179374581e-02,1.313780982641981829e-02,1.477700002477071346e-02,1.643546775197195914e-02
-1.699591140745608823e-03,-1.513988671212467951e-03,-1.322282318284729880e-03,-1.126680550975173384e-03,-9.171656316613865587e-04,-6.747021065243009961e-04,-3.639818427948943494e-04,1.158841552846026716e-04,8.031406906988800736e-04,1.709118423441296055e-03,2.803487996640608056e-03,4.043832483804667144e-03,5.390140167115224298e-03,6.830883832974293975e-03,8.332798628338170324e-03,9.882408514736621893e-03,1.147026663404439491e-02,1.308691967195126267e-02,1.472714470149325168e-02,1.638669639494316765e-02
-1.621613848985779512e-03,-1.446457308031892262e-03,-1.265472871637078178e-03,-1.081226330993535116e-03,-8.840432325568718100e-04,-6.558699776796122951e-04,-3.617103569684500838e-04,9.924020636504284369e-05,7.710315079037459007e-04,1.666341131182673668e-03,2.754539307359414255e-03,3.991508308511327978e-03,5.336841856550761896e-03,6.776872015319170169e-03,8.279264564870060170e-03,9.829356387903515763e-03,1.141812154648813582e-02,1.303569444270229714e-02,1.467702911159208395e-02,1.633771598695285543e-02
-1.606596583551457222e-03,-1.435103978637585105e-03,-1.257843215451720943e-03,-1.077864064516591714e-03,-8.855850377332152466e-04,-6.638148250316365257e-04,-3.783148556537653268e-04,7.098019533195033652e-05,7.323352074670707321e-04,1.620007590808460879e-03,2.703697443840302316e-03,3.938289806568054732e-03,5.282413729717918595e-03,6.722079425215003561e-03,8.225079877436787881e-03,9.775870703727838895e-03,1.136562160588968848e-02,1.298420343385222296e-02,1.462670984241703706e-02,1.628857195795358273e-02
-1.653854338563701988e-03,-1.479394295925459462e-03,-1.299009930152324362e-03,-1.116376232324556381e-03,-9.217418181268108822e-04,-6.986310255747764679e-04,-4.139394017230455035e-04,3.107671354687767005e-05,6.871855122693484559e-04,1.570300922306464009e-03,2.651112387971281143e-03,3.884280982871502873e-03,5.226941498453044170e-03,6.666584171564637201e-03,8.170293575128556238e-03,9.721997926377975649e-03,1.131280289894691198e-02,1.293248174811959840e-02,1.457621609992402860e-02,1.623928771210731564e-02
-1.765339115014164743e-03,-1.581155877327929159e-03,-1.390668824268466268e-03,-1.198342180291808202e-03,-9.939739614355294888e-04,-7.616412924001444290e-04,-4.697084207441901897e-04,-2.127140666217977426e-05,6.351405988318791244e-04,1.517017132532833077e-03,2.596685940447504646e-03,3.829413743129600218e-03,5.170427975593030849e-03,6.610399866039339510e-03,8.114907929291601332e-03,9.667747597882202920e-03,1.125966894985876501e-02,1.288054279581069515e-02,1.452556093205101782e-02,1.618987490362047699e-02
-1.945781732005065880e-03,-1.744710313436373872e-03,-1.536716369013069487e-03,-1.327249610156271175e-03,-1.105352093400711845e-03,-8.554843991197143803e-04,-5.478014650171300496e-04,-8.770520745462819802e-05,5.751243000738402245e-04,1.459523062955315770e-03,2.540050782709272256e-03,3.773442582401227621e-03,5.112795879814060855e-03,6.553479882521326925e-03,8.058886015186872073e-03,9.613098880491197790e-03,1.120619701371728359e-02,1.282838406055024361e-02,1.447474638009432421e-02,1.614033871199901937e-02
-2.203091412548604123e-03,-1.977239493045841994e-03,-1.743581628218447439e-03,-1.508793706659422411e-03,-1.260823375261743880e-03,-9.843492719873586649e-04,-6.516579852357809108e-04,-1.708867966350903901e-04,5.052682984759374486e-04,1.396632593689435802e-03,2.480488699766169366e-03,3.715898422364199635e-03,5.053862690912049038e-03,6.495703972821828542e-03,8.002147809471170034e-03,9.557998388269034820e-03,1.115233728791265207e-02,1.277598629084003394e-02,1.442376252897994461e-02,1.609067800449632407e-02
-2.549133309512732152e-03,-2.289496668811889356e-03,-2.020868977871574396e-03,-1.751454602473155077e-03,-1.467724657475945977e-03,-1.154427474498246221e-03,-7.863753830790784060e-04,-2.748501845055314986e-04,4.226093686141732075e-04,1.326361942231451358e-03,2.416755152829082320e-03,3.655976563761210475e-03,4.993270278360931701e-03,6.436836131259464702e-03,7.944548520392634428e-03,9.502345187077980426e-03,1.109800292801613360e-02,1.272330373582626281e-02,1.437257818035963912e-02,1.604087799195827446e-02
-3.001148296893152781e-03,-2.697104800101067946e-03,-2.382531770060446197e-03,-2.067552069290156790e-03,-1.736720403967815119e-03,-1.374741868268434218e-03,-9.594385392141941945e-04,-4.056404806757402852e-04,3.225416470786167367e-04,1.245479026983271811e-03,2.346738101227937613e-03,3.592300950224441760e-03,4.930326825116279621e-03,6.376423987929943568e-03,7.885819075182922896e-03,9.445948933585274210e-03,1.104304224147051837e-02,1.267023845821885902e-02,1.432111735019444068e-02,1.599088966773953846e-02
-3.584371223057096489e-03,-3.222952317084131369e-03,-2.849039787685977900e-03,-2.475195289677351463e-03,-2.083538849110238515e-03,-1.658682161343601972e-03,-1.182070099192539291e-03,-5.724904875230146231e-04,1.978121961096284645e-04,1.148665655239827560e-03,2.266795512774306357e-03,3.522435539150156787e-03,4.863661288279913855e-03,6.313565655105231496e-03,7.825414758965433190e-03,9.388422063011141877e-03,1.098716702898378493e-02,1.261657980321362511e-02,1.426920741371906151e-02,1.594058355415976097e-02
-4.337041956296011809e-03,-3.901781422767779985e-03,-3.451533651193052724e-03,-3.002023792481356076e-03,-2.532306696102841828e-03,-2.026955434660453019e-03,-1.471821763074687098e-03,-7.900724193221490051e-04,3.659627492335655466e-05,1.026890750569521603e-03,2.170422321303944798e-03,3.441844645188699668e-03,4.790450636951913005e-03,6.246357236977083047e-03,7.762129281058846760e-03,9.328899393129560028e-03,1.092976149766333553e-02,1.256185539960169920e-02,1.421646103866506389e-02,1.588964854017429346e-02
-5.320393383775368773e-03,-4.789338240541299307e-03,-4.240114689479011767e-03,-3.692678052535806020e-03,-3.122214673128188497e-03,-2.513487256095026275e-03,-1.857759895220421941e-03,-1.083013044268798554e-03,-1.813905329260104738e-04,8.640760023517001865e-04,2.045437641825950670e-03,3.341597310329002916e-03,4.704635220706038928e-03,6.170549705746830767e-03,7.693103971418840947e-03,9.265303905425613731e-03,1.086936685459753173e-02,1.250495006624258339e-02,1.416199654316793212e-02,1.583737359927629360e-02
-6.637984898938886422e-03,-5.980099592929410436e-03,-5.299922571927972309e-03,-4.623311474967071490e-03,-3.920499441358426401e-03,-3.176960363731395204e-03,-2.390672124613974891e-03,-1.494877467254470717e-03,-4.927531904679331633e-04,6.302222700828416686e-04,1.868036122647573957e-03,3.203340679111037637e-03,4.592871267491102291e-03,6.076393530637968707e-03,7.611432146172658619e-03,9.192575083847610851e-03,1.080244851363661163e-02,1.244326046373589630e-02,1.410390384178665003e-02,1.578232926748077483e-02
-8.452449688976546721e-03,-7.622810417847041518e-03,-6.765443272776276717e-03,-5.914790508960769862e-03,-5.034649396147354919e-03,-4.112214713307321516e-03,-3.153835193096865119e-03,-2.098426760587320146e-03,-9.601581211629513267e-04,2.722156828076268136e-04,1.594292389151774365e-03,2.991734855438568305e-03,4.428222932120326992e-03,5.943705186564903799e-03,7.502538909740158642e-03,9.100329638520639891e-03,1.072221846486337213e-02,1.237245283764751118e-02,1.403982255219532634e-02,1.572358477946518909e-02
-1.073187255311445175e-02,-9.690394378606055972e-03,-8.614695614792411762e-03,-7.550635339605673430e-03,-6.454470125519638432e-03,-5.316457349363529553e-03,-4.152346582985785850e-03,-2.906443608564974763e-03,-1.602090250424223049e-03,-2.317693317193106263e-04,1.201776775509037299e-03,2.686290214601907023e-03,4.194298264245332163e-03,5.761173821533765137e-03,7.360183398193820975e-03,8.987272589984869262e-03,1.063213093021738408e-02,1.229966953003820002e-02,1.398026233445112849e-02,1.567431737161575911e-02
