2.413407256124414091e-02,2.156003877165011198e-02,1.892198626860497682e-02,1.622644181527600760e-02,1.341932074317923884e-02,1.053960190180684535e-02,7.547326205015922676e-03,4.457908988735256872e-03,1.222581177669066236e-03,-2.096869744029898359e-03,-5.481330472555526363e-03,-8.901961441936539349e-03,-1.234740008698607255e-02,-1.581202069621723966e-02,-1.926110779134673420e-02,-2.271852050807996598e-02,-2.615724816555908133e-02,-2.957953547091329502e-02,-3.299672202265262200e-02,-3.638804508415578037e-02
1.884976215871620245e-02,1.681344748569429601e-02,1.472895001536426822e-02,1.258957566747344152e-02,1.034254706606402285e-02,8.003157790142670369e-03,5.517734684365739259e-03,2.892448552603343881e-03,6.235981553196931167e-05,-2.911810137515712712e-03,-6.008133360909907565e-03,-9.186394943870794527e-03,-1.243021705094979508e-02,-1.572804891683500864e-02,-1.903202829392071707e-02,-2.236659615144089702e-02,-2.570162565480267267e-02,-2.903049790309304018e-02,-3.237070645989487822e-02,-3.569277732887789212e-02
1.481854561424624309e-02,1.321467240581810504e-02,1.157133907179237059e-02,9.877599699208707354e-03,8.083270220649097990e-03,6.185447364307322324e-03,4.118810069873943096e-03,1.879274559002204340e-03,-6.106669310215810621e-04,-3.294416817003440259e-03,-6.148148692256821292e-03,-9.122207062410344486e-03,-1.219551574944867899e-02,-1.535088160914217618e-02,-1.852974884679287754e-02,-2.175682025229501437e-02,-2.499849633661570258e-02,-2.824387765724869354e-02,-3.151246915215223654e-02,-3.477016808896229300e-02
1.198848637258168384e-02,1.070276293604234194e-02,9.384098988043054063e-03,8.020383599133243738e-03,6.564651096737377997e-03,5.001652359346640646e-03,3.257396167494201310e-03,1.317908044862661342e-03,-9.023076593509861149e-04,-3.352563502234273077e-03,-6.008170414978320113e-03,-8.812934245115412041e-03,-1.174217119846490860e-02,-1.477453006667474832e-02,-1.784380895508153736e-02,-2.097480600108103665e-02,-2.413045811027031071e-02,-2.729927946138625827e-02,-3.050003247825389813e-02,-3.369734474597575052e-02
9.952475215993754690e-03,8.906974581980838315e-03,7.833825996993193722e-03,6.721140773260189834e-03,5.525514910620102360e-03,4.223609933436022618e-03,2.735420805549080691e-03,1.037869461682741808e-03,-9.591198084916442148e-04,-3.211809720970520629e-03,-5.695561774105996344e-03,-8.350344278380156596e-03,-1.114887420644717145e-02,-1.406734511734013607e-02,-1.703401053556617348e-02,-2.007363605059666808e-02,-2.314580249652098409e-02,-2.624033389309919639e-02,-2.937418404689245630e-02,-3.251255716766449089e-02
8.468840749405169913e-03,7.608796167840521998e-03,6.725466370893462900e-03,5.807875690130184440e-03,4.816336431500622614e-03,3.722596539891084855e-03,2.443034778116045299e-03,9.465945028696048274e-04,-8.589397276188852522e-04,-2.937430779178570612e-03,-5.265101128906834321e-03,-7.780664135073003633e-03,-1.045502129314065248e-02,-1.326360404903608077e-02,-1.613059117849286600e-02,-1.908049474757279526e-02,-2.206973633240636237e-02,-2.509027582722231017e-02,-2.815699626080388554e-02,-3.123667052266461061e-02
7.401152464065495484e-03,6.685732212554944785e-03,5.950623533845596572e-03,5.186088322271941928e-03,4.356146443229297859e-03,3.430055689421303029e-03,2.322722575198237285e-03,9.965331512478609911e-04,-6.410646261876419951e-04,-2.561877704757048457e-03,-4.743664367289764441e-03,-7.126376553438246858e-03,-9.679698842141098644e-03,-1.237988192783292564e-02,-1.514824847141328125e-02,-1.800866406851884052e-02,-2.091474182400579473e-02,-2.386082133956248658e-02,-2.685970645219138211e-02,-2.988028946343190481e-02
6.669228546261026999e-03,6.066537843492708290e-03,5.447101973199077081e-03,4.802546270807547812e-03,4.100453764802421477e-03,3.309437472527960913e-03,2.344774680680770419e-03,1.163924040608866305e-03,-3.246091512495049539e-04,-2.100604519924858214e-03,-4.143841837806106279e-03,-6.397844150831106039e-03,-8.831591473110134149e-03,-1.142355550688801784e-02,-1.409342680908205921e-02,-1.686386123606330514e-02,-1.968621554501550491e-02,-2.255712923277937085e-02,-2.548731341932231748e-02,-2.844805853276202376e-02
6.225248688225598105e-03,5.709456889489884432e-03,5.179296748242781002e-03,4.627778295307151922e-03,4.025801288275001819e-03,3.342718225767690732e-03,2.495674941518274612e-03,1.438927971949807314e-03,8.315213875994703380e-05,-1.559103645944552672e-03,-3.469892444342866349e-03,-5.598349512856409978e-03,-7.913273179827578357e-03,-1.039653491695241051e-02,-1.296755490441301936e-02,-1.564712735002944319e-02,-1.838509831250660642e-02,-2.118016087409779410e-02,-2.404081878734312325e-02,-2.694081030581265551e-02
6.042208247957561035e-03,5.591738651302729374e-03,5.128782138197342591e-03,4.647704849544886593e-03,4.122407032950176249e-03,3.523999114189065203e-03,2.772628101413449325e-03,1.821058641939216592e-03,5.830205864455586303e-04,-9.359909766092984647e-04,-2.720298476649303260e-03,-4.726251786213252377e-03,-6.923054099853799374e-03,-9.296910580063344823e-03,-1.176850693408119410e-02,-1.435616953559934288e-02,-1.700911340464920235e-02,-1.972779878334096279e-02,-2.251829099787561531e-02,-2.535659518773113533e-02
6.108224526449564269e-03,5.704505728825526312e-03,5.289743789426007599e-03,4.859615324933866561e-03,4.390661109246198589e-03,3.856485227149008144e-03,3.181009045282700166e-03,2.317111310268548437e-03,1.182246864420416184e-03,-2.242574633136484646e-04,-1.888741818149473938e-03,-3.775807524158804416e-03,-5.855700995580154049e-03,-8.119638621007223278e-03,-1.049125349182376300e-02,-1.298598846757810510e-02,-1.555335822227278328e-02,-1.819538171479697167e-02,-2.091536152290751280e-02,-2.369115876703124443e-02
6.423818124713685102e-03,6.050346957265423896e-03,5.666883836033158664e-03,5.270373372359301450e-03,4.839611649440424788e-03,4.351222081467354640e-03,3.733338811168316652e-03,2.940396646806383261e-03,1.894020274485359737e-03,5.884442686599688707e-04,-9.642305065370092255e-04,-2.737253539552405180e-03,-4.702529359532075549e-03,-6.856687710576623782e-03,-9.128067038512462442e-03,-1.152911115363184150e-02,-1.401054876646033384e-02,-1.657592694196204433e-02,-1.922541807210372683e-02,-2.193812401591662894e-02
7.000870374404294209e-03,6.642452104196447556e-03,6.274732806704756694e-03,5.895898862823494187e-03,5.486602513924142104e-03,5.026864877681174945e-03,4.449172121304950829e-03,3.710763675700413759e-03,2.737640190083007012e-03,1.520117402499594934e-03,6.933213319145457593e-05,-1.596371064740272462e-03,-3.451032445800068012e-03,-5.496781037257451527e-03,-7.668392209350689132e-03,-9.975531641331809862e-03,-1.237102208664736004e-02,-1.486013979883023771e-02,-1.743960208411662188e-02,-2.008899226442826050e-02
7.862679550176214505e-03,7.504766411954012957e-03,7.137902100241099064e-03,6.761514207465630331e-03,6.357703378815375041e-03,5.910173356725404760e-03,5.355642008007601394e-03,4.655206516690276776e-03,3.739203365552695290e-03,2.595208040997404146e-03,1.234033192429239692e-03,-3.335884483901781282e-04,-2.084063226959573679e-03,-4.024728427423920028e-03,-6.098362886817384684e-03,-8.312353345789938106e-03,-1.062250188368908319e-02,-1.303622660874408437e-02,-1.554663958944711710e-02,-1.813300320778364269e-02
9.044913749349188514e-03,8.672989447581908040e-03,8.292127930410619907e-03,7.903031103514117015e-03,7.488832176039932585e-03,7.037155396006709862e-03,6.488608831863196258e-03,5.809025407853140796e-03,4.932794050936208270e-03,3.845857456284310950e-03,2.559293981768428951e-03,1.077406494333395552e-03,-5.785015119946181799e-04,-2.420253377796801903e-03,-4.399854952991698494e-03,-6.523042438635717755e-03,-8.749552270927518985e-03,-1.108946354745782813e-02,-1.353247874857137559e-02,-1.605684006431863653e-02
1.059751049040883776e-02,1.019647963156369505e-02,9.786179054223902163e-03,9.368660030812481915e-03,8.927660966872795825e-03,8.454958274314522751e-03,7.894521056434716105e-03,7.217657792471310514e-03,6.362296400129272521e-03,5.313733437703948778e-03,4.083774409427084334e-03,2.671650132856781372e-03,1.096731654745634974e-03,-6.561363220351230496e-04,-2.548867890345254787e-03,-4.586099570990554049e-03,-6.732543706329850199e-03,-9.001390097189998843e-03,-1.137963858886273730e-02,-1.384410348693219418e-02
1.258783078362705685e-02,1.214137362798576800e-02,1.168493823918448186e-02,1.122205246513487825e-02,1.073661398442217474e-02,1.022481413241286066e-02,9.633292097597327686e-03,8.939481829970084836e-03,8.084126332863728406e-03,7.052722966355890258e-03,5.858092430350231652e-03,4.495711792395820292e-03,2.983550537943123384e-03,1.304609640150690896e-03,-5.129065725032848355e-04,-2.472807204501945803e-03,-4.545799394537771917e-03,-6.748350997204380884e-03,-9.066052191554296522e-03,-1.147437594858869737e-02
1.510576378235115556e-02,1.459560892609362143e-02,1.407433681988016876e-02,1.354714536077517885e-02,1.299761617421808270e-02,1.242668570339702794e-02,1.178282640521100509e-02,1.105021271750379792e-02,1.017148827920151370e-02,9.133067912284130105e-03,7.948898577876272256e-03,6.611809672029684247e-03,5.138917181600922458e-03,3.512994993944879279e-03,1.753150881838440355e-03,-1.434791957917307961e-04,-2.154338199256341027e-03,-4.298848943040118296e-03,-6.562950975947826580e-03,-8.921500878330629325e-03
1.827219983766794481e-02,1.767724700536741148e-02,1.706951692960965994e-02,1.645615841211844899e-02,1.581991657091695244e-02,1.516690920111987348e-02,1.444646258635657980e-02,1.365013014061699885e-02,1.272136372557140967e-02,1.164811245218469807e-02,1.044541713937404727e-02,9.104254367326005543e-03,7.641307577284775499e-03,6.040602775903667655e-03,4.313569419903277684e-03,2.458743309960015333e-03,4.917899259904777269e-04,-1.608704725426124849e-03,-3.830877931697091333e-03,-6.150297911648135336e-03
2.225377123860267092e-02,2.154895406912278252e-02,2.082903114502332106e-02,2.010350395253378969e-02,1.935369259974896103e-02,1.859148447965897413e-02,1.776592412932440079e-02,1.687666591420913451e-02,1.586669575025508386e-02,1.472605606780339957e-02,1.347076155157059252e-02,1.209039861466590891e-02,1.060143152893565366e-02,8.990244539672509472e-03,7.262356369797361329e-03,5.418264936419725508e-03,3.467346313473239610e-03,1.387811732272995358e-03,-8.120488783223055130e-04,-3.110116476819055602e-03
2.728998891100926222e-02,2.644468501465641053e-02,2.558103210303945899e-02,2.471146239046667636e-02,2.381517999862901511e-02,2.291064362354521336e-02,2.194528701871692467e-02,2.092773316414704710e-02,1.979901399154812558e-02,1.855181179916990872e-02,1.720296558099564110e-02,1.574083606281580922e-02,1.418167629626273206e-02,1.251483912352162331e-02,1.074171146125182420e-02,8.865104149571426811e-03,6.889350732905362082e-03,4.794343341878423530e-03,2.584388184310174291e-03,2.780185166840193475e-04
3.374589025724782781e-02,3.272154931502713887e-02,3.167427056433242544e-02,3.062026276595745597e-02,2.953576786210103042e-02,2.844692091298780742e-02,2.729794929258625227e-02,2.610752571045765053e-02,2.481294712902664193e-02,2.341011375158846830e-02,2.191654984932785155e-02,2.031930524850426509e-02,1.863428798565648983e-02,1.685394809580397640e-02,1.497706790842428387e-02,1.300865827990707775e-02,1.094953539912083690e-02,8.783335818420339933e-03,6.511022990824524848e-03,4.147194022380013521e-03
4.221156120847744525e-02,4.095835185821619651e-02,3.967542945507546853e-02,3.838407076457775458e-02,3.705648068325373412e-02,3.572800369593240322e-02,3.433768168920602049e-02,3.291560207502865903e-02,3.139310337182861510e-02,2.976995248722976231e-02,2.806423576657721478e-02,2.626137599792638042e-02,2.437674025737499722e-02,2.240562244822992544e-02,2.034534987877559958e-02,1.820248785887015885e-02,1.597573058928873635e-02,1.365406278433669955e-02,1.123637863579454374e-02,8.734109588727823753e-03
5.357076502065106355e-02,5.202790150239808287e-02,5.044404056128948960e-02,4.884810839043757236e-02,4.720696293080115652e-02,4.556712358142872565e-02,4.386005256609244035e-02,4.212882920106018891e-02,4.029604680101508268e-02,3.836603942444097304e-02,3.635730329717602738e-02,3.425306271000182895e-02,3.206793922290772370e-02,2.979951412915860312e-02,2.744439915947802580e-02,2.500963880756819357e-02,2.249282239780071857e-02,1.988912633156097315e-02,1.719665764913037506e-02,1.442529616697173396e-02
6.746398850354382026e-02,6.561123758570391873e-02,6.369434996649321612e-02,6.175795695545793773e-02,5.976294766139302050e-02,5.776773069434328056e-02,5.569477227614993281e-02,5.360022160042980655e-02,5.139597717487935646e-02,4.909105843847588052e-02,4.670409149784462977e-02,4.421554362534493160e-02,4.163915613450250991e-02,3.897385617800386282e-02,3.621585994463541458e-02,3.337148989715777586e-02,3.043781990853097058e-02,2.741574882696758142e-02,2.430345518762830684e-02,2.111118412801541236e-02
