9.833643994008069850e-03
5.133358599618036144e-02
2.659917711108479854e-01
1.345848178783838556e+00
6.580257594449566483e+00
2.987509605075600660e+01
1.163206502247950738e+02
3.441972522703907771e+02
7.494106660527013446e+02
1.304268953818358341e+03
1.949118688153596167e+03
2.637645173755204269e+03
3.345603184565260108e+03
4.049533460966019902e+03
4.731197977483722752e+03
5.392643753741163891e+03
6.030097786727151288e+03
6.635117258883280556e+03
7.211006749179012331e+03
7.758482322643320913e+03
