-1.035553502762766136e-02,-9.232729025749456669e-03,-8.096694128768091442e-03,-6.939058808150105548e-03,-5.743953747441539644e-03,-4.514137931063292100e-03,-3.198511195953040488e-03,-1.844965955655658617e-03,-4.219597179366339334e-04,1.063895497020281734e-03,2.612965007510973693e-03,4.210213967850836778e-03,5.853715409367991548e-03,7.531214673651831851e-03,9.240464091768728350e-03,1.097497678056905644e-02,1.274480243375751727e-02,1.452043520465855567e-02,1.631388286956353406e-02,1.812003652897214642e-02
-8.026319990897642226e-03,-7.142378759601283357e-03,-6.248291538354074429e-03,-5.333621310149635336e-03,-4.382074428093588915e-03,-3.389005008086857628e-03,-2.298589853984786720e-03,-1.141264714917785686e-03,1.146603791372453787e-04,1.460266358610609301e-03,2.900861665640626624e-03,4.414083022170588351e-03,5.994750304066801330e-03,7.623904872664180425e-03,9.297170852242115854e-03,1.100479981887471023e-02,1.275351248370420326e-02,1.451402343115082948e-02,1.629549483483187788e-02,1.809244340183585945e-02
-6.238479518893640628e-03,-5.544025688046610306e-03,-4.840602801623545594e-03,-4.118616954627565656e-03,-3.362245324948360137e-03,-2.561460100960817176e-03,-1.656684439869253933e-03,-6.602063526531903826e-04,4.618429982268148072e-04,1.699140974946735999e-03,3.060145140552297024e-03,4.515590567051284282e-03,6.055701730496239159e-03,7.655850755310514288e-03,9.308949291906230480e-03,1.100274981014450620e-02,1.273888354782471560e-02,1.449206276219065781e-02,1.626807184329247605e-02,1.806111515750607674e-02
-4.965671513448373722e-03,-4.409336292543847464e-03,-3.845134062296904232e-03,-3.264638937073511063e-03,-2.653046065125542162e-03,-1.996929170098113264e-03,-1.234256477228805934e-03,-3.606361107775885532e-04,6.615728666385043691e-04,1.821262596160995277e-03,3.128153590548020911e-03,4.546828252906470226e-03,6.062448434415652551e-03,7.646424840828504668e-03,9.288938291265050329e-03,1.097614737156197944e-02,1.270472009885803902e-02,1.445476675079047750e-02,1.622879238312929448e-02,1.802076442982286641e-02
-4.028175166971703115e-03,-3.575406472805885746e-03,-3.115834176549776152e-03,-2.642141926016241312e-03,-2.140802347746811624e-03,-1.596367855881491776e-03,-9.454785082916045830e-04,-1.687295249499091477e-04,7.764390057834038910e-04,1.878545424329600665e-03,3.147273073331554281e-03,4.541549612559547984e-03,6.041483906923245974e-03,7.615950723414059362e-03,9.252553857625928774e-03,1.093646450726194937e-02,1.266025020650235998e-02,1.440924529576346515e-02,1.618295469493484517e-02,1.797519070975226591e-02
-3.318653169607893236e-03,-2.945341954412825439e-03,-2.566185867316311993e-03,-2.174857382699992448e-03,-1.759193242594376053e-03,-1.302683988016586957e-03,-7.416002523570710322e-04,-4.326779457148952074e-05,8.405801664407952338e-04,1.898466700619255232e-03,3.139257947402981919e-03,4.516612615194880859e-03,6.005873948537289626e-03,7.574454954919133780e-03,9.207584869057381174e-03,1.088981996829125644e-02,1.261056730982350327e-02,1.435965644317420235e-02,1.613389056019525272e-02,1.792702791180963637e-02
-2.775197229982564323e-03,-2.463426953480439031e-03,-2.146638348124316892e-03,-1.819357308984292541e-03,-1.470767693803259196e-03,-1.083963648304291181e-03,-5.956390256484932243e-04,3.833673181694251502e-05,8.723853139329404514e-04,1.895421863690752596e-03,3.115143746847751950e-03,4.480307206789808580e-03,5.961936221884150088e-03,7.526738724074514587e-03,9.157783902079202204e-03,1.083923380111173618e-02,1.255809592729660584e-02,1.430794864513345276e-02,1.608314015006004002e-02,1.787747945322461923e-02
-2.359769719699342499e-03,-2.095543374710691353e-03,-1.826987383587998139e-03,-1.549345182396979180e-03,-1.253070400841050465e-03,-9.213066663188937151e-04,-4.917934778731545935e-04,8.921039013638966007e-05,8.823944091329373766e-04,1.877446000598824221e-03,3.080892532256462434e-03,4.436976898809379816e-03,5.912936096707658955e-03,7.475263419329028318e-03,9.105082862947517716e-03,1.078628741728771857e-02,1.250401215127822444e-02,1.425502653026285496e-02,1.603140009410462807e-02,1.782708115880463420e-02
-2.047665321048929791e-03,-1.819608392240875316e-03,-1.587777222741722704e-03,-1.348001954438600783e-03,-1.091896681647473678e-03,-8.029335004338716743e-04,-4.203529232199503885e-04,1.173693537194477553e-04,8.769819748950681950e-04,1.849286590293794212e-03,3.039918303132409325e-03,4.389040102942787409e-03,5.860675591770031501e-03,7.421382767307136905e-03,9.050549828715399869e-03,1.073186629280790082e-02,1.244891592957016006e-02,1.420132524827707847e-02,1.597900180144655111e-02,1.777609373155512179e-02
-1.822333113975232880e-03,-1.620879370545326610e-03,-1.416082193962710407e-03,-1.204234474384978989e-03,-9.779880333779899897e-04,-7.212962237080255880e-04,-3.752013223382139832e-04,1.278395896912013668e-04,8.601295035853398279e-04,1.813858010364659658e-03,2.994256371422873188e-03,4.337902314783852881e-03,5.806194504795599183e-03,7.365877755177510644e-03,8.994804227321687856e-03,1.067648868235522401e-02,1.239312972098584840e-02,1.414706341545594187e-02,1.592611452836456901e-02,1.772466065573841121e-02
-1.672708078931420825e-03,-1.489537652459415901e-03,-1.303339306291234276e-03,-1.110751514965690632e-03,-9.053393772310079461e-04,-6.715958428186018930e-04,-3.525299666090419659e-04,1.237495213054219364e-04,8.343320246602200672e-04,1.772976642567983306e-03,2.945143552284808057e-03,4.284398366283449777e-03,5.750104361366466070e-03,7.309207512766689209e-03,8.938211993499653799e-03,1.062046397341649857e-02,1.233683671979821442e-02,1.409235630479476267e-02,1.587283010961860336e-02,1.767286728706552248e-02
-1.591787323369345730e-03,-1.419402293322072524e-03,-1.244197551742141396e-03,-1.063045549608501381e-03,-8.703055899339020044e-04,-6.509984724053248907e-04,-3.501512376487194854e-04,1.069150549186118559e-04,8.010821892252553093e-04,1.727751147202243693e-03,2.893323365044184279e-03,4.229021572673127144e-03,5.692760462318827153e-03,7.251637094889100930e-03,8.880985501293913592e-03,1.056397597624663190e-02,1.228014978241527555e-02,1.403726930685299940e-02,1.581919940369136066e-02,1.762076258385101776e-02
-1.575872312835555067e-03,-1.407247775935248054e-03,-1.235910057545192356e-03,-1.058857544099689419e-03,-8.711341807861534879e-04,-6.582251389936925531e-04,-3.671354922120275257e-04,7.815147373334098489e-05,7.611283707369460470e-04,1.678790871781181849e-03,2.839210560188890932e-03,4.172047405835420733e-03,5.634355997322010312e-03,7.193306975103536983e-03,8.823237953265743519e-03,1.050712901681875693e-02,1.222315037862303257e-02,1.398184667634448132e-02,1.576525056274155970e-02,1.756836891035933046e-02
-1.624206119992050367e-03,-1.452479454927453357e-03,-1.278047176386582027e-03,-1.097926629111846972e-03,-9.077488265204792248e-04,-6.933618834459149248e-04,-4.036401096165176091e-04,3.742141921907365975e-05,7.145966422038069112e-04,1.626305579302809480e-03,2.782974446260690852e-03,4.113598891346876077e-03,5.574974312945418613e-03,7.134272021416692734e-03,8.765013470922207797e-03,1.044997310247488577e-02,1.216591517679560704e-02,1.392613173447529440e-02,1.571100262929904165e-02,1.751569019372195210e-02
-1.738886180466213405e-03,-1.557058270638372009e-03,-1.372432869827421931e-03,-1.181937484254313823e-03,-9.817064963199997971e-04,-7.578222144609383839e-04,-4.608725739209738707e-04,-1.613315911586387619e-05,6.610151928361484566e-04,1.570127318106890376e-03,2.724565849576577031e-03,4.053673787675541804e-03,5.514614719855159136e-03,7.074522246603159523e-03,8.706302600747277409e-03,1.039251576256043121e-02,1.210853778748108810e-02,1.387018617924939447e-02,1.565648102263041130e-02,1.746272303224604902e-02
-1.925021566396471675e-03,-1.725646894906390913e-03,-1.523279573326583904e-03,-1.314643444583756633e-03,-1.096308726620333178e-03,-8.544446871465565538e-04,-5.411729949980715942e-04,-8.426368599705042731e-05,5.992496957167878311e-04,1.509660837713612796e-03,2.663692797388489495e-03,3.992138506157401692e-03,5.453196296005109744e-03,7.013989797508151519e-03,8.647047394533986797e-03,1.033472408844561194e-02,1.205114764958238778e-02,1.381411183634454962e-02,1.560173876093744715e-02,1.740947420715070748e-02
-2.191176419837634250e-03,-1.966015766924952574e-03,-1.737556769567913644e-03,-1.502197211653470395e-03,-1.256895610878319344e-03,-9.877508021486221777e-04,-6.482382596499802101e-04,-1.698118041299302770e-04,5.273328274428555921e-04,1.443748492968173784e-03,2.599733413813455629e-03,3.928681024971868163e-03,5.390535344043862961e-03,6.952540515322753328e-03,8.587136103326993217e-03,1.027651764697367666e-02,1.199392371083212068e-02,1.375807514051643511e-02,1.554688615348439121e-02,1.735598904748764104e-02
-2.550234102951962675e-03,-2.289832479433393485e-03,-2.025705638927784418e-03,-1.753790392977088450e-03,-1.471412970690808616e-03,-1.164443218176441789e-03,-7.875576961058899797e-04,-2.770902083552697422e-04,4.421379867090133222e-04,1.370408510537999506e-03,2.531552269992043327e-03,3.862697573821417037e-03,5.326279919351572037e-03,6.889939761882290202e-03,8.526381782035083803e-03,1.021774913886459163e-02,1.193709465313705365e-02,1.370233007803412992e-02,1.549212969019286672e-02,1.730239636921665144e-02
-3.020979478527078665e-03,-2.714107132820234303e-03,-2.402947627483065403e-03,-2.082824913842535978e-03,-1.751451856466588628e-03,-1.394320248393461940e-03,-9.672134784015595484e-04,-4.125780265610355766e-04,3.387883120619923725e-04,1.286356540959282145e-03,2.457145596636892658e-03,3.793054802653946476e-03,5.259760468431862353e-03,6.825764489261333494e-03,8.464466973086292451e-03,1.015816152501727507e-02,1.188090562311191339e-02,1.364722429189813534e-02,1.543781305113774670e-02,1.724897338375904615e-02
-3.631030245256176847e-03,-3.263871793402217843e-03,-2.891712212951020374e-03,-2.509088725920699883e-03,-2.114181724160290460e-03,-1.691978355223205249e-03,-1.199368725933714318e-03,-5.862062646385799618e-04,2.095693294337920391e-04,1.186116633073963774e-03,2.372952839264915164e-03,3.717596055848430142e-03,5.189658634029545650e-03,6.759190679965807608e-03,8.400806100868825690e-03,1.009728906276613665e-02,1.182550430070252422e-02,1.359314483023028701e-02,1.538442777041741302e-02,1.719621647044719190e-02
-4.422493477468631903e-03,-3.977354615075980385e-03,-3.526328478322286741e-03,-3.062964564731681175e-03,-2.586093789809057377e-03,-2.080110181572554333e-03,-1.503144918579209536e-03,-8.138353214497217160e-04,4.183247065608418998e-05,1.060286194171420823e-03,2.272464344576767374e-03,3.632084047048092686e-03,5.113252527721977650e-03,6.688473333033986140e-03,8.334194268221168864e-03,1.003420998652526999e-02,1.177063353387188677e-02,1.354029111334112238e-02,1.533249131005435216e-02,1.714483956922956132e-02
-5.463447702634416543e-03,-4.916487426452703646e-03,-4.362556780850145033e-03,-3.793986340563340609e-03,-3.210615677296773350e-03,-2.596215097381054850e-03,-1.910473270095046361e-03,-1.122297935217347106e-03,-1.862986525008119784e-04,8.919298462012804516e-04,2.143241562832162977e-03,3.527830044246017469e-03,5.024626286511511483e-03,6.609640039950458699e-03,8.261886686636790364e-03,9.966895890403599731e-03,1.171486443616234427e-02,1.348801314739378997e-02,1.528203308820206413e-02,1.709545176253979282e-02
-6.871392913089740574e-03,-6.188384413637665685e-03,-5.497082925464333997e-03,-4.788355776573539196e-03,-4.063720632719622188e-03,-3.306385103999882284e-03,-2.478162171717134769e-03,-1.559879360416741283e-03,-5.149691730236771953e-04,6.488462917435930573e-04,1.960368541768895898e-03,3.386299977551596695e-03,4.910419336828037752e-03,6.513271817365678777e-03,8.177279283708352789e-03,9.890594281122462930e-03,1.165388600089436316e-02,1.343329804599785460e-02,1.523128062158987488e-02,1.704746417463243180e-02
-8.842347395783656250e-03,-7.972337212204002113e-03,-7.092198791299394144e-03,-6.191356950837731757e-03,-5.274213810629017722e-03,-4.323653324411553395e-03,-3.304536874851515729e-03,-2.211420373848915332e-03,-1.016299264066062224e-03,2.712126483335744942e-04,1.675502227359970198e-03,3.169743193847055201e-03,4.742245284857398921e-03,6.378784819464300426e-03,8.066038695138364606e-03,9.795601316090878433e-03,1.157862351298950647e-02,1.336947984258104322e-02,1.517574338683863426e-02,1.699833295055763402e-02
-1.140245867587837136e-02,-1.029652699875102835e-02,-9.175898015486712647e-03,-8.031186540689651959e-03,-6.871224589010360879e-03,-5.679128375587461607e-03,-4.423832078656555165e-03,-3.114065149135012995e-03,-1.729025893071922540e-03,-2.793069301309230191e-04,1.253336497592700844e-03,2.848194547834824453e-03,4.497203332546868479e-03,6.190990128326768864e-03,7.920711093677586939e-03,9.681351748538659374e-03,1.148943318218084361e-02,1.330028182246098707e-02,1.512193158627177930e-02,1.695660733663714032e-02
