1.031535191286534273e-02
5.370703140903226175e-02
2.747633425270274987e-01
1.387340308812434753e+00
6.742627485348581473e+00
3.024233306256514453e+01
1.173017939228094946e+02
3.363815837952002994e+02
7.291787201713121931e+02
1.261921733488096834e+03
1.881209733924177726e+03
2.560055622217273140e+03
3.304920661793977160e+03
3.993848609554368977e+03
4.673126165965631117e+03
5.323731604276710641e+03
5.951880808266587337e+03
6.550381862467479550e+03
7.120150392459971954e+03
7.662461659044608496e+03
