8.484798350041200879e-03
4.507517285096158954e-02
2.368918560163741638e-01
1.221511879452211513e+00
6.090565151855145132e+00
2.836862502092311544e+01
1.109929993740597638e+02
3.341862924776825707e+02
7.429580071742104792e+02
1.337585481637261864e+03
2.009088031151178257e+03
2.735684844636273738e+03
3.475356015261131688e+03
4.211573501623581251e+03
4.927650316026617475e+03
5.616694974752917005e+03
6.263363705341673267e+03
6.889060428400631281e+03
7.478315333401008502e+03
8.042944953179468939e+03
