-1.057539212665444504e-02,-9.437289526056975505e-03,-8.284420362607305965e-03,-7.104253633936446349e-03,-5.870818038401460701e-03,-4.613706284222172244e-03,-3.305290914500632130e-03,-1.939679513499619271e-03,-5.382023402838403796e-04,9.140319536752039564e-04,2.395145890195121609e-03,3.896446194551380238e-03,5.409054827369406439e-03,6.931833719056593006e-03,8.455085333427212260e-03,9.980077644937577694e-03,1.150413801982945808e-02,1.303573279466320282e-02,1.456640615657968894e-02,1.609003175323447596e-02
-8.209831014468914681e-03,-7.315645667351404133e-03,-6.411583823554703812e-03,-5.481915171119955410e-03,-4.500517142308803516e-03,-3.485163546936021536e-03,-2.403732532653572295e-03,-1.244380719847464631e-03,-2.542138219938325927e-05,1.273023475067573901e-03,2.625591712114820706e-03,4.020580011984317345e-03,5.443367635187919794e-03,6.891573270952701911e-03,8.351286228953570812e-03,9.822205347482366317e-03,1.129856094832266608e-02,1.278727698214493155e-02,1.428173884509282600e-02,1.577343857057618079e-02
-6.428172355254281080e-03,-5.727664964457618302e-03,-5.018255679210210755e-03,-4.285731652574337538e-03,-3.505045015195725790e-03,-2.684427103019101143e-03,-1.788088508911074700e-03,-7.985121442476757897e-04,2.693798758044745533e-04,1.439763132328776346e-03,2.685053142822307979e-03,3.991295242989447746e-03,5.338520449373562043e-03,6.723458653797444867e-03,8.128303279453009261e-03,9.552367635730528092e-03,1.098626869488341339e-02,1.243533019176060704e-02,1.389564468843315116e-02,1.535728176319778489e-02
-5.185153494483223102e-03,-4.625653657044924948e-03,-4.058161201390694285e-03,-3.470287975911779191e-03,-2.838638133943065939e-03,-2.164640591783622333e-03,-1.409874338589005554e-03,-5.520823127975534473e-04,3.971403422687935845e-04,1.464905224182008747e-03,2.622841712099750148e-03,3.855545296948560078e-03,5.138931473200793014e-03,6.469294551051387246e-03,7.825613033626303491e-03,9.207635550105338490e-03,1.060240065980033036e-02,1.201457544434536909e-02,1.344233722422957453e-02,1.487524591562645361e-02
-4.293727124733488082e-03,-3.840024074354049435e-03,-3.379282771516314322e-03,-2.900847096899541143e-03,-2.383220530920398920e-03,-1.823094968306990726e-03,-1.180359589849617466e-03,-4.289350681340209663e-04,4.228265110120783626e-04,1.403828798011665406e-03,2.486108366290877732e-03,3.653469114606831738e-03,4.878927015445265643e-03,6.158754259656364777e-03,7.469287828625941969e-03,8.810996202674481123e-03,1.016768099299061347e-02,1.154415477058774384e-02,1.293981171530104134e-02,1.434434685242501686e-02
-3.645236237072467609e-03,-3.272885106366381965e-03,-2.894383900569662185e-03,-2.500693262281337721e-03,-2.072288807531981209e-03,-1.602697809937260204e-03,-1.050995696875036507e-03,-3.881855780788146730e-04,3.805381090472090689e-04,1.285020051466037594e-03,2.298682326691771534e-03,3.405123530975212934e-03,4.575572139181955864e-03,5.806633935522182571e-03,7.072504872723177002e-03,8.374280907678912506e-03,9.693119373926037743e-03,1.103433167036427069e-02,1.239786558021314933e-02,1.377398115192755845e-02
-3.178827048951076654e-03,-2.869746790234853958e-03,-2.555288652653302673e-03,-2.227904661528916884e-03,-1.870004475628034334e-03,-1.473169937239985575e-03,-9.964579144397345094e-04,-4.088682749718326867e-04,2.874263126265873465e-04,1.122597515853037938e-03,2.072225510900558426e-03,3.120246049141656153e-03,4.237121399519989083e-03,5.420087067797402756e-03,6.641687725536006559e-03,7.903317979454857478e-03,9.184274451942458367e-03,1.049031599016654950e-02,1.182152090061268715e-02,1.316897773797334227e-02
-2.858866940557089082e-03,-2.599012482577176507e-03,-2.334419049423997784e-03,-2.058903166371134699e-03,-1.756695841211007927e-03,-1.418377537476997333e-03,-1.003668659632915659e-03,-4.804775444479509575e-04,1.518227817940584435e-04,9.232827583408293555e-04,1.812197047087784826e-03,2.803333959554663891e-03,3.867334666142646302e-03,5.002310308234306398e-03,6.179671298950238124e-03,7.400661798987178720e-03,8.643624558041358708e-03,9.914435841465051372e-03,1.121304471810050281e-02,1.253150866639061826e-02
-2.664136018262109815e-03,-2.442179863171310954e-03,-2.215987703845564288e-03,-1.980621584118756520e-03,-1.721972493497849139e-03,-1.430342394755846529e-03,-1.066658237087181544e-03,-5.986147426066696503e-04,-2.310059624767384605e-05,6.894711866349262494e-04,1.520439149296930886e-03,2.455831159896323512e-03,3.467334626811252509e-03,4.554148754449270468e-03,5.687105882150222252e-03,6.866839297150581500e-03,8.071689544101739305e-03,9.307174885272830392e-03,1.057293367470322001e-02,1.186205358444762485e-02
-2.582640397809516861e-03,-2.389150897636968269e-03,-2.191795980097398060e-03,-1.986779358048005022e-03,-1.761460941685972321e-03,-1.506410527382643760e-03,-1.184152879153597526e-03,-7.629800155404274685e-04,-2.376868661736867585e-04,4.205730942440337331e-04,1.196283627841703782e-03,2.077059821626090538e-03,3.036404219051295258e-03,4.074800707546944595e-03,5.163090692135164674e-03,6.300930622574681637e-03,7.467567598344050997e-03,8.667665349480456471e-03,9.900383714968964688e-03,1.115986492124219215e-02
-2.609064388339671098e-03,-2.435943855004720111e-03,-2.259201132081277950e-03,-2.076097947007744197e-03,-1.875255433682738527e-03,-1.647920146808730954e-03,-1.358453935198878542e-03,-9.764647425358257077e-04,-4.950865138595058864e-04,1.135546503393212856e-04,8.369741251612537432e-04,1.664571413206681434e-03,2.572296400564164261e-03,3.562108782895795963e-03,4.605456279125635759e-03,5.700841044527355655e-03,6.829197376510265198e-03,7.993924441238635381e-03,9.193513806709564112e-03,1.042318360000831640e-02
-2.743558342875431280e-03,-2.583624091251141702e-03,-2.420187217037329808e-03,-2.251507612176408338e-03,-2.067251366447816520e-03,-1.859647613147823392e-03,-1.594990989144382627e-03,-1.244818435289240383e-03,-8.010394299461684291e-04,-2.369427869316405603e-04,4.377190586292246184e-04,1.214175943872033980e-03,2.071270861900940431e-03,3.012619176781044031e-03,4.010854681360154390e-03,5.063401973098837980e-03,6.153470525315649781e-03,7.282952761397093466e-03,8.449458726425064167e-03,9.649319728528777187e-03
-2.991278753298557639e-03,-2.837924568493031645e-03,-2.681064277964111727e-03,-2.519922824294913537e-03,-2.344990485851727695e-03,-2.149711396141838413e-03,-1.902278321005384902e-03,-1.576663798559595903e-03,-1.163957313035631240e-03,-6.387491945218738481e-04,-8.500258379742465524e-06,7.197432148590272817e-04,1.527927778403214819e-03,2.421465286113743190e-03,3.374705769349023270e-03,4.384345760482746650e-03,5.436237616407048681e-03,6.530738692057842798e-03,7.664376265453737638e-03,8.834649629300219548e-03
-3.362424644992490982e-03,-3.209325797748349869e-03,-3.052590574269069355e-03,-2.892405554205020653e-03,-2.719860914942709863e-03,-2.529800377133777350e-03,-2.292164555403552323e-03,-1.983771565486092906e-03,-1.595235456767646028e-03,-1.102521579120538386e-03,-5.113243277685429510e-04,1.727988785537309534e-04,9.348433942162591177e-04,1.782071274406455113e-03,2.690991155175764815e-03,3.658150927443776061e-03,4.672207726854244597e-03,5.732176101511902468e-03,6.833380263702253619e-03,7.974548227189017305e-03
-3.872685712519354558e-03,-3.713522494627764445e-03,-3.550456614872872247e-03,-3.384666230885329669e-03,-3.207612165836537521e-03,-3.015696613441654246e-03,-2.780356015655211822e-03,-2.481585673177771900e-03,-2.109791369048845486e-03,-1.642309670553944619e-03,-1.083617480145740051e-03,-4.380999556656101860e-04,2.819748370462423718e-04,1.085630974091648243e-03,1.951844085700762347e-03,2.877715737479901673e-03,3.854707585070071569e-03,4.880875029329607984e-03,5.950386982002960068e-03,7.063252271717977010e-03
-4.544136018456439337e-03,-4.372315013608569015e-03,-4.196172985922015652e-03,-4.017948000738613516e-03,-3.829233844001479845e-03,-3.628143949160696560e-03,-3.387268110390837233e-03,-3.090056231162951941e-03,-2.726888479240971788e-03,-2.276386251860216745e-03,-1.742326450463295559e-03,-1.128259420925241873e-03,-4.442305275792498122e-04,3.202794476357056575e-04,1.146838461522539654e-03,2.033770606391632936e-03,2.975222707987053988e-03,3.968808112399917383e-03,5.007832386613102031e-03,6.093622922640505590e-03
-5.406733335459646544e-03,-5.215084324801284865e-03,-5.018519074520495608e-03,-4.820449564876117324e-03,-4.612351016500131767e-03,-4.394212793622060201e-03,-4.139352475805713194e-03,-3.834925770682567556e-03,-3.471386605546876447e-03,-3.028475240702831021e-03,-2.509715144918982666e-03,-1.918120642102214002e-03,-1.262132335245720084e-03,-5.301741018855988174e-04,2.618227879082995189e-04,1.113871155725503891e-03,2.022574183048843951e-03,2.985670628547746567e-03,3.996163952419030420e-03,5.056731898215209749e-03
-6.500781192948472051e-03,-6.281199996876487071e-03,-6.055894034700901908e-03,-5.829619763569266269e-03,-5.593460787192513183e-03,-5.349476752078768764e-03,-5.071206549697363127e-03,-4.749766839968090626e-03,-4.375707745322761355e-03,-3.929652504547559606e-03,-3.415229261704789444e-03,-2.835133514578574727e-03,-2.196808291948122542e-03,-1.488167304880428504e-03,-7.229407880477310613e-04,1.007092620496499925e-04,9.814697406619276275e-04,1.917712697689931672e-03,2.902903830495432488e-03,3.941107665717158599e-03
-7.881086009777679355e-03,-7.624075639087442811e-03,-7.360265556388709794e-03,-7.096000613153113229e-03,-6.821667398836650346e-03,-6.541638984566324963e-03,-6.229083613742675447e-03,-5.879369495395012080e-03,-5.483095886498585807e-03,-5.021475574627761243e-03,-4.498515638851054328e-03,-3.916711682017825699e-03,-3.283007600192355564e-03,-2.585359474222620989e-03,-1.835735310915441194e-03,-1.030694508607150070e-03,-1.700282972804420902e-04,7.455872476407588399e-04,1.710871373799412740e-03,2.731295740699587939e-03
-9.624332538323438976e-03,-9.318356201766327465e-03,-9.004160077382666882e-03,-8.690021816224422282e-03,-8.365277425776522502e-03,-8.036928608035799268e-03,-7.677081506223268695e-03,-7.285714995137983728e-03,-6.853365024184271057e-03,-6.361492966366415550e-03,-5.814696026504488115e-03,-5.215300433095980924e-03,-4.570087100996519762e-03,-3.867508526421219086e-03,-3.118232290242664399e-03,-2.317704441850120586e-03,-1.464935835502624876e-03,-5.596296062332087795e-04,3.947548214977058341e-04,1.405011465924243478e-03
-1.184299215101261224e-02,-1.147346534323690978e-02,-1.109383264033215327e-02,-1.071479517137204421e-02,-1.032421203865863807e-02,-9.932133322135400927e-03,-9.508783352770533090e-03,-9.059216093450476667e-03,-8.573721929373527215e-03,-8.033624434020635030e-03,-7.444286159190363628e-03,-6.807833802111229980e-03,-6.131058046850117529e-03,-5.403195758219629836e-03,-4.633982752448648559e-03,-3.818328800023882818e-03,-2.955277076330422095e-03,-2.043848062275236636e-03,-1.085549369186152675e-03,-7.259984407592228991e-05
-1.471327625259370372e-02,-1.426082710722430431e-02,-1.379572583787291688e-02,-1.333181355972054907e-02,-1.285493245306038035e-02,-1.237875692538730095e-02,-1.187062634372487539e-02,-1.134128614549907189e-02,-1.078050860956644187e-02,-1.016903494565740869e-02,-9.513155725104754587e-03,-8.814739654365291374e-03,-8.080634436103149854e-03,-7.300965003047224337e-03,-6.484747122852466822e-03,-5.626835088014480422e-03,-4.727016660597539895e-03,-3.784109085384151916e-03,-2.798009872589619224e-03,-1.760629914389285743e-03
-1.853212341041643799e-02,-1.796940365617286789e-02,-1.739046645175124778e-02,-1.681340711223093531e-02,-1.622132666663754844e-02,-1.563234334512189627e-02,-1.500962094141624834e-02,-1.437043295736990627e-02,-1.370362217753913654e-02,-1.298880537357290262e-02,-1.223336430020357905e-02,-1.143884755513723504e-02,-1.061213385269035858e-02,-9.744164073127635495e-03,-8.843298997834009301e-03,-7.904600447118945508e-03,-6.929080159692867225e-03,-5.915822855778333014e-03,-4.863738674440181917e-03,-3.765351562119538965e-03
-2.378574690616615597e-02,-2.307341258631397801e-02,-2.233901391337099820e-02,-2.160728823271892279e-02,-2.085760355694310855e-02,-2.011368017751241632e-02,-1.933279390504192424e-02,-1.853985604272474774e-02,-1.772215347976928077e-02,-1.685746897921561530e-02,-1.595443384229892556e-02,-1.501422164703978754e-02,-1.404368857111996244e-02,-1.303433053122425578e-02,-1.199384003512218161e-02,-1.091746968485172130e-02,-9.807679843771632128e-03,-8.664134293191622441e-03,-7.485367236684075699e-03,-6.265369301249734159e-03
-3.049839351572815327e-02,-2.960566192044183920e-02,-2.867657447718519395e-02,-2.775075434455975126e-02,-2.680305105639173985e-02,-2.586365291220103432e-02,-2.488249872946012020e-02,-2.389271893356384110e-02,-2.287938885810141335e-02,-2.181776893300286374e-02,-2.071775927803624212e-02,-1.958013877600370614e-02,-1.841169875510266507e-02,-1.720400657390721427e-02,-1.596413026793769285e-02,-1.468719707236152382e-02,-1.337704990392499585e-02,-1.203398297765030656e-02,-1.065653012394674436e-02,-9.240469786095250812e-03
