8.085176707570944019e-03
4.321851496784714919e-02
2.283623314794971659e-01
1.182136620874403965e+00
5.946462884574109431e+00
2.783851677030064309e+01
1.099546399211084804e+02
3.347974829427791974e+02
7.461182404147056104e+02
1.347481537107136091e+03
2.032900302884541588e+03
2.769645771882611371e+03
3.525979994071667988e+03
4.269160200045955207e+03
4.996255796683402878e+03
5.695044969716925152e+03
6.363627758227317827e+03
6.995792999254036658e+03
7.590806584488263979e+03
8.163961177525904532e+03
