1.014021534432988092e-01
5.107750726905956329e-01
2.514034988549201266e+00
1.192120214790962685e+01
5.266014963718696151e+01
2.054292700369428530e+02
6.598961439437806575e+02
1.679883446965254734e+03
3.488190957805018115e+03
6.186304434594561826e+03
9.803667827918843614e+03
1.430156323419894397e+04
1.967262150978516729e+04
2.571444019097128694e+04
3.255526821292199384e+04
3.996461762077400635e+04
4.802228529238437477e+04
5.633284717887781153e+04
6.513317091871911543e+04
7.424267296546397847e+04
