2.235267318141441830e-04
3.144677608170178950e-03
2.462126789544211505e-02
1.895153904316421722e-01
1.957007281164768742e+00
8.843466550890166644e+00
1.580493076698947164e+01
6.728483595852914334e+01
4.167001570388837877e+02
1.300915949478763423e+03
2.717630981898768368e+03
3.416831745401377702e+03
4.978333928491980259e+03
7.367805920880570739e+03
8.538163103772727482e+03
9.537709294128826514e+03
1.681749906815088616e+04
1.798217841900174972e+04
2.296010290849782905e+04
2.225476548315051696e+04
