-9.882153918741384477e-03,-9.505599802081274655e-03,-8.502701399375528837e-03,-7.392744881906361011e-03,-6.206211730587125192e-03,-4.955829758580421705e-03,-3.644764351998117276e-03,-2.241064167414317295e-03,-7.170764417112342973e-04,9.395405921884365189e-04,2.715564699416164046e-03,4.568009400945091843e-03,6.461257857508350549e-03,8.368836340652226202e-03,1.026304677883060207e-02,1.212086842564980525e-02,1.392620263458379214e-02,1.567099871964502608e-02,1.735301142122375878e-02,1.897257370452043804e-02
-6.802377118317176445e-03,-5.990836011702871562e-03,-4.989794450298208096e-03,-3.996297630042349239e-03,-2.989534789962535778e-03,-1.969706260716821283e-03,-9.355203531764142355e-04,1.474772715182869640e-04,1.322647133157108749e-03,2.631052920832712642e-03,4.084234257562118289e-03,5.639588103140138857e-03,7.258055258055883321e-03,8.918504250632147690e-03,1.060451034171760662e-02,1.230459105333819685e-02,1.400672017755039828e-02,1.569414771097040959e-02,1.734904442714149675e-02,1.895717100479569345e-02
-4.314299070805681369e-03,-3.623122838592611472e-03,-2.957797845907138030e-03,-2.323093579643215837e-03,-1.683212224661740286e-03,-1.032765229586060391e-03,-3.631309971625036387e-04,3.674145031808861072e-04,1.222087916114338426e-03,2.277540542124283605e-03,3.578729837418425080e-03,5.085031832923586279e-03,6.741735324076953209e-03,8.502879736773794397e-03,1.031683898599342064e-02,1.213529011125420026e-02,1.392126529307488939e-02,1.565313728826072878e-02,1.732451909586473632e-02,1.893600283591330771e-02
-2.526949694596606916e-03,-1.987815243248571874e-03,-1.496722649391634026e-03,-1.001152003606685208e-03,-4.806975280646355662e-04,6.263661956677368684e-05,6.320981522022707435e-04,1.260994445454779057e-03,2.010843491206913258e-03,2.970191864355777988e-03,4.196481760767134354e-03,5.635226284973693205e-03,7.209665022187190971e-03,8.865028583709954127e-03,1.055860416461848819e-02,1.226447919990946225e-02,1.396682734044396058e-02,1.565093731674469663e-02,1.730218342393414002e-02,1.890790248431440876e-02
-1.215401901232718946e-03,-7.905136974084810749e-04,-4.134690922847947909e-04,-3.187283071166287880e-05,3.619801055165224133e-04,7.643112228252921204e-04,1.178256469017394722e-03,1.634944246575590829e-03,2.199979899449892081e-03,2.982568722922690138e-03,4.070934515407846621e-03,5.422834610018724411e-03,6.960540537826103401e-03,8.624753229789873521e-03,1.036090638815071775e-02,1.212348755766012171e-02,1.387601830661547644e-02,1.559256856441862057e-02,1.725944760737002648e-02,1.887120984702912729e-02
-2.354901747375984244e-04,1.005467223097356873e-04,3.911511392539759814e-04,6.843836239241419487e-04,9.869057217831440475e-04,1.298008836377757217e-03,1.622235393446474052e-03,1.988122265547466981e-03,2.460693302288361351e-03,3.160311179890634356e-03,4.194734729069598406e-03,5.521415065509248203e-03,7.046175138732310370e-03,8.694916872187185772e-03,1.040652691536975497e-02,1.213874526158005909e-02,1.386374638564846773e-02,1.556265711023879783e-02,1.722222026608568810e-02,1.883302323996485783e-02
5.002331310390694535e-04,7.656937028966325160e-04,9.912032261302577106e-04,1.219068265186888525e-03,1.454765001544096022e-03,1.697402078042760604e-03,1.950099611688041858e-03,2.237095763964346354e-03,2.620579043036872294e-03,3.228966413594140487e-03,4.190297598366813508e-03,5.469599204366539652e-03,6.967254569670213761e-03,8.604527575281300730e-03,1.031759226876404270e-02,1.206031105205102386e-02,1.379891213202402885e-02,1.550940803059132865e-02,1.717648440518004457e-02,1.879169055408149575e-02
1.049594762376499001e-03,1.259603061014542358e-03,1.436752614108253740e-03,1.616216611953640719e-03,1.802084204757943044e-03,1.993281909860081334e-03,2.192525421666740443e-03,2.421382538892195759e-03,2.739661605577369940e-03,3.281644358303761454e-03,4.193221609399911190e-03,5.446419880014338397e-03,6.933889853300567729e-03,8.568086493330507453e-03,1.027967058546468485e-02,1.202018596745139077e-02,1.375618048238778576e-02,1.546527760930474157e-02,1.713287630292426034e-02,1.875004830787059887e-02
1.452943399859482490e-03,1.620484482425812783e-03,1.762255045844566322e-03,1.906231109618074585e-03,2.055476318429616533e-03,2.208874861881038754e-03,2.368872305350662455e-03,2.554504543835304890e-03,2.822368381573192760e-03,3.309627115478471285e-03,4.177164654063997111e-03,5.404807964874266610e-03,6.879909294246690406e-03,8.508885946563134184e-03,1.021955196451399678e-02,1.196203823204266062e-02,1.370174434199815904e-02,1.541515715547709525e-02,1.708675908285719330e-02,1.870737193098063328e-02
1.738867942082725692e-03,1.875208743781937469e-03,1.991864450241751742e-03,2.110575559293622217e-03,2.233734289701943664e-03,2.360150355619738179e-03,2.492046365678123130e-03,2.646285909704843529e-03,2.876212933828447248e-03,3.320095056673080629e-03,4.151608740549166468e-03,5.359001635150358045e-03,6.825705935613895874e-03,8.452410989919275502e-03,1.016378124186711682e-02,1.190818365626667916e-02,1.365028120674397286e-02,1.536636536783452488e-02,1.704084738334554414e-02,1.866445928012438679e-02
1.927262777526150567e-03,2.042322335267205118e-03,2.142244132559850862e-03,2.244064949702721020e-03,2.349779063658504006e-03,2.458061976018958896e-03,2.570999217975204320e-03,2.703655237381091033e-03,2.906180985571629044e-03,3.316378098203635796e-03,4.118254084194796112e-03,5.308571554892277736e-03,6.768245350560035851e-03,8.393107228221081267e-03,1.010532282042749842e-02,1.185191279192390930e-02,1.359698955673382774e-02,1.531641429892440127e-02,1.699428109024585590e-02,1.862117523902597285e-02
2.031112571934788006e-03,2.133842623411986907e-03,2.224176086821308840e-03,2.316263496680001210e-03,2.411923495301376147e-03,2.509632104275228131e-03,2.611427261102510639e-03,2.730912467472158042e-03,2.915197578220921678e-03,3.300387157793258606e-03,4.078442544919248444e-03,5.254569496313718155e-03,6.708657151709430423e-03,8.332516075395663552e-03,1.004615615869988363e-02,1.179529702358161035e-02,1.354353744978645073e-02,1.526630699387274311e-02,1.694750605096547250e-02,1.857768392565357571e-02
2.057539093622559948e-03,2.156310592696780801e-03,2.243499259768552950e-03,2.332314091213712626e-03,2.424595372841288534e-03,2.518544792758313586e-03,2.616242700534705291e-03,2.730148439580715528e-03,2.904559407910354499e-03,3.272929967429137176e-03,4.032797798671093094e-03,5.197426298460604104e-03,6.647147858422375669e-03,8.270618802251461857e-03,9.986050122798963494e-03,1.173798301063211369e-02,1.348958934814247987e-02,1.521583299233648413e-02,1.690044193772256148e-02,1.853398394744028982e-02
2.008343380349242226e-03,2.111332961442733205e-03,2.201591127063105835e-03,2.293361950960995984e-03,2.388700506725672384e-03,2.485446113682386517e-03,2.585816697989915328e-03,2.701431207469652367e-03,2.874057244999825289e-03,3.233774365963529036e-03,3.981288453693061780e-03,5.137198318674780079e-03,6.583762974353821532e-03,8.207451856976862026e-03,9.925055910101003576e-03,1.168005959173284806e-02,1.343525158523594352e-02,1.516508435756944509e-02,1.685314452398784663e-02,1.849010663523746600e-02
1.880141576758205101e-03,1.995714945667662662e-03,2.095481540614324307e-03,2.196649806184780996e-03,2.301698438928903231e-03,2.407999725004636698e-03,2.518014643750498063e-03,2.642820246230995380e-03,2.821976110193752038e-03,3.181653499078668148e-03,3.923256630712083221e-03,5.073614310105500902e-03,6.518389474202397268e-03,8.142952622868716850e-03,9.863101686798273621e-03,1.162143384838384627e-02,1.338041796926189332e-02,1.511398044109019990e-02,1.680557277419005360e-02,1.844604349381184782e-02
1.664118839980357860e-03,1.801208398517100068e-03,1.917620006974160487e-03,2.035303045684950206e-03,2.157405921327025348e-03,2.280707548102848571e-03,2.408033501166026609e-03,2.550222945566509632e-03,2.744975430732632914e-03,3.114167521956659468e-03,3.857330284927663888e-03,5.006001667638466587e-03,6.450725516176822674e-03,8.077058885909264158e-03,9.800324917618804740e-03,1.156240038608737607e-02,1.332541601017025318e-02,1.506277415571854322e-02,1.675786023730208713e-02,1.840183989707088602e-02
1.345366387061418473e-03,1.513837303497006254e-03,1.655262048809430031e-03,1.797773278007476754e-03,1.945499725080209472e-03,2.094472525005268860e-03,2.248018763006870424e-03,2.417065476561414388e-03,2.637831493811902163e-03,3.027617932584953514e-03,3.781329234049618602e-03,4.933152295416875534e-03,6.379818078139655110e-03,8.008540219154107812e-03,9.735009206902718246e-03,1.150097825192998059e-02,1.326847202886200124e-02,1.501030190156699314e-02,1.670946854799277084e-02,1.835731476646125515e-02
9.016896909674733483e-04,1.112681890911040167e-03,1.289368055689447132e-03,1.466845854076525690e-03,1.650628364713737847e-03,1.835835699354175987e-03,2.026427393111763543e-03,2.233722956427730902e-03,2.492861798145361296e-03,2.916473204522109040e-03,3.692141824778067804e-03,4.854489747615878953e-03,6.307741376317701348e-03,7.942133696955245778e-03,9.673884101736618044e-03,1.144432321971180014e-02,1.321533244587016868e-02,1.495999224464364570e-02,1.666186211242442344e-02,1.831285319123788363e-02
3.016321588239697380e-04,5.678614062920077582e-04,7.927701363878218678e-04,1.018020128695640205e-03,1.250929108544627079e-03,1.485645278117549888e-03,1.727044389871924737e-03,1.987038089224981569e-03,2.299634227660721057e-03,2.772022439754792764e-03,3.580832492392958376e-03,4.758104852633638152e-03,6.217077570000051172e-03,7.854379016522632095e-03,9.590102060767578124e-03,1.136738401568482097e-02,1.314754005680507550e-02,1.490151662230999006e-02,1.661084350005071278e-02,1.826719280997658387e-02
-4.988726879381575339e-04,-1.628135934507630468e-04,1.270182917487045230e-04,4.168621553137954561e-04,7.157929245202879426e-04,1.016611469456113687e-03,1.326050840877891030e-03,1.658067368539105748e-03,2.046893333881518069e-03,2.594820897887803023e-03,3.464553756214268278e-03,4.681918083174569853e-03,6.167400168889326968e-03,7.821322847942988737e-03,9.563972456133005076e-03,1.133930333170122227e-02,1.311219376311098181e-02,1.485931630953189926e-02,1.656563305243347745e-02,1.822255057490061725e-02
-1.562695504029375758e-03,-1.139530372974541803e-03,-7.634520891790689363e-04,-3.864463269404187274e-04,2.800364929100591995e-06,3.928280836748781839e-04,7.899941918148212141e-04,1.208685952622817793e-03,1.681985032963136985e-03,2.306021251450275644e-03,3.226802359060048590e-03,4.464919962887798494e-03,5.956498862356166685e-03,7.618281624403045078e-03,9.380857858757812515e-03,1.118927255783284426e-02,1.299991389662891877e-02,1.477918008946692806e-02,1.650631535223204618e-02,1.817348050032218873e-02
-2.984557720369312474e-03,-2.450909302998626003e-03,-1.960273844547670303e-03,-1.471015485795208961e-03,-9.593841006085839385e-04,-4.367568361582245865e-04,1.055707112481674658e-04,6.837513175099634369e-04,1.328770746854339609e-03,2.126663030362478148e-03,3.196554685161322532e-03,4.540117244357725658e-03,6.092429130195017861e-03,7.770610197349150754e-03,9.509068420309433819e-03,1.126675800710752809e-02,1.302129285407365930e-02,1.475928181022952493e-02,1.646641225085762258e-02,1.812736500357504596e-02
-4.919579534321339223e-03,-4.243840322477094099e-03,-3.577042554681972124e-03,-2.941778216966714488e-03,-2.301594491101422672e-03,-1.665645930552251026e-03,-1.019785264066748768e-03,-3.419313512616234288e-04,4.015062700762672731e-04,1.293506681773573183e-03,2.436325702627278877e-03,3.832755530102976028e-03,5.442498664360242641e-03,7.204681800103412449e-03,9.058250954813728412e-03,1.094613437860259691e-02,1.281701817360069058e-02,1.463734453896255346e-02,1.639040649687829865e-02,1.806991374749913545e-02
-7.604352454173820067e-03,-6.834829816485597613e-03,-5.857935621422733462e-03,-4.886888226027243619e-03,-3.896535892047696143e-03,-2.903482126753095631e-03,-1.896494969110794305e-03,-8.583803605919678023e-04,2.303492920510072112e-04,1.428689020932443193e-03,2.797321079397155699e-03,4.316111135480611184e-03,5.946756998135819747e-03,7.644128705891994197e-03,9.375709698618846233e-03,1.112462082534681519e-02,1.287734358449437767e-02,1.462357087038199284e-02,1.634500501926816965e-02,1.801611352680195649e-02
-1.089824607001522311e-02,-1.054804366186391090e-02,-9.564578593464091033e-03,-8.489777600892605205e-03,-7.342636495890791579e-03,-6.152607506895980960e-03,-4.906614651473783020e-03,-3.583892707875774904e-03,-2.171440791536709183e-03,-6.276706623883413199e-04,1.076747840553794831e-03,2.908607951588689042e-03,4.831570321512154015e-03,6.802403510246354985e-03,8.781742277926964796e-03,1.073882580437713306e-02,1.264564514802943816e-02,1.449024913892976545e-02,1.626566533263003669e-02,1.796287158972615858e-02
