3.728340768279665707e-03
2.140869530488511904e-02
1.205973928763338782e-01
6.746888823741028496e-01
3.663099626895951921e+00
1.897095773093280258e+01
8.874951410202112356e+01
3.411502517444264981e+02
9.859494022990078292e+02
2.185751930698603701e+03
3.975542301446396323e+03
6.322806568082170998e+03
9.152690653338380798e+03
1.236990400954330471e+04
1.603053134133836284e+04
1.993251894792933672e+04
2.401652904386985392e+04
2.831778961141274340e+04
3.250914606054229444e+04
3.733993875134338305e+04
