9.935136659157564696e-04
6.289348194744460302e-03
3.950847349112521223e-02
2.450692170059783070e-01
1.487880267008706792e+00
8.675692657487758197e+00
4.499145871826844711e+01
1.788152582626490812e+02
4.685135740083302949e+02
8.793416841186809734e+02
1.342268342328908375e+03
1.820366318106488279e+03
2.294961693468777867e+03
2.756610497232699799e+03
3.201315598669504197e+03
3.625754248285817994e+03
4.029782051018656603e+03
4.412557125538397486e+03
4.775147784385075283e+03
5.118111532206828997e+03
