2.479439997982932787e-03
1.479412182889320269e-02
8.701816044874675915e-02
5.004683086797435676e-01
2.798210957426724210e+00
1.480694429453273031e+01
6.853074803790187275e+01
2.426449158811686004e+02
5.849536821489749627e+02
1.050319278522795457e+03
1.583551115076383439e+03
2.139536646924407705e+03
2.699329452467022293e+03
3.249088426428015282e+03
3.778063977329994486e+03
4.282794472722458522e+03
4.760472752331184893e+03
5.209577823752631048e+03
5.632381214755039764e+03
6.027653828343989517e+03
