1.672199605533337963e-03
1.032120502706861120e-02
6.343282677491950128e-02
3.820564827381328077e-01
2.254515520271568541e+00
1.258206954029315128e+01
6.237209283482246036e+01
2.385299061245844712e+02
6.098672554310329588e+02
1.138430139659583801e+03
1.751933754332748322e+03
2.393714984484745401e+03
3.035651980101834397e+03
3.665875317229385928e+03
4.266452741355389662e+03
4.832691106325993132e+03
5.365145190349747281e+03
5.860118527315044048e+03
6.320672541497241582e+03
6.747447848470857025e+03
