-1.061408491684194717e-02,-1.017088330715130995e-02,-9.120760775919854735e-03,-7.978410186050747741e-03,-6.755925635650138726e-03,-5.464118525613420423e-03,-4.090392459831303229e-03,-2.594556196662735608e-03,-9.910897288162539946e-04,6.921147790710501521e-04,2.425554005656835582e-03,4.180377166354025918e-03,5.936142947500280646e-03,7.673410877218425803e-03,9.372253490700078321e-03,1.102356297581353825e-02,1.262108716640375841e-02,1.416924648596741207e-02,1.566950987338952550e-02,1.713477917274805473e-02
-7.919607599366083189e-03,-7.127736935842674156e-03,-6.126057735875438566e-03,-5.130233837182887786e-03,-4.108068884333205932e-03,-3.054970049516017323e-03,-1.949233877447182706e-03,-7.348287333130471997e-04,5.920486702441285021e-04,2.011503502162948365e-03,3.492131899302320860e-03,5.003005355086936889e-03,6.525944754039594321e-03,8.046698945740468276e-03,9.555330891380298466e-03,1.105304616933906921e-02,1.253900623959626308e-02,1.401552095188975632e-02,1.547649672051537410e-02,1.692379954857852961e-02
-5.770417745702674864e-03,-5.100828827185670614e-03,-4.414742470224258981e-03,-3.751661041604679222e-03,-3.069790293834932706e-03,-2.358479581980973527e-03,-1.587515999621432784e-03,-6.830989179298701738e-04,3.830605170973358248e-04,1.605976807065849108e-03,2.957334906794701224e-03,4.405518978906295194e-03,5.927586497316975241e-03,7.494971156872239602e-03,9.077659253419585739e-03,1.065336991932698887e-02,1.220209685247918008e-02,1.371677785425372449e-02,1.519527291993009836e-02,1.664779204311323327e-02
-4.243152035232649298e-03,-3.717500010794076888e-03,-3.206032366533934867e-03,-2.690642717533948524e-03,-2.143549525218577632e-03,-1.558315038179940333e-03,-9.060836368196673301e-04,-1.088610027516439784e-04,8.730101082164930769e-04,2.034852204231530313e-03,3.334862887744543744e-03,4.725923624811711847e-03,6.173420942776622171e-03,7.643543675500701420e-03,9.112861484984193308e-03,1.057434367873891744e-02,1.202556148659755797e-02,1.347009611428733565e-02,1.490790817459432781e-02,1.634206450994181783e-02
-3.131856919758700761e-03,-2.715017170597063944e-03,-2.321686010929021032e-03,-1.924666430873724510e-03,-1.507579512897203869e-03,-1.065321200926243241e-03,-5.689417829605772315e-04,6.395601996023102752e-05,8.885135401917033894e-04,1.910952861572733780e-03,3.092199453506203413e-03,4.388665547116784096e-03,5.771036951219175697e-03,7.208156675154794336e-03,8.674741007544438734e-03,1.015465157536690061e-02,1.163262350013738282e-02,1.310061493178610315e-02,1.455408142891749697e-02,1.599696165426033739e-02
-2.308583902823909285e-03,-1.976706135588795783e-03,-1.673123176206368391e-03,-1.367508764669519679e-03,-1.046025085211249638e-03,-7.017721959885361935e-04,-3.053237391900893234e-04,2.275875504746945424e-04,9.641836215975384912e-04,1.918601023523124451e-03,3.049388743072387140e-03,4.306972597891784750e-03,5.655195335694597134e-03,7.056281334210134579e-03,8.481376988945903139e-03,9.915298162926085290e-03,1.134854243658374798e-02,1.278013118861225095e-02,1.421019267358137987e-02,1.564231396998670004e-02
-1.697989337613885642e-03,-1.433757373304245502e-03,-1.198072827823985038e-03,-9.606479416267751622e-04,-7.101162557208495546e-04,-4.404179030140433371e-04,-1.245604942456776827e-04,3.195527828847382853e-04,9.672655814953258794e-04,1.840211032034454750e-03,2.897844065467089329e-03,4.090039588239549259e-03,5.381412280984444393e-03,6.736325601027262286e-03,8.127734180710183970e-03,9.540803056533628951e-03,1.096427835706418295e-02,1.239384855243224302e-02,1.382619121188590275e-02,1.526248885105761788e-02
-1.251715374358478060e-03,-1.040753103805305444e-03,-8.558403514045577606e-04,-6.692369794932741690e-04,-4.719840209766772089e-04,-2.589462384138458730e-04,-5.276761644752347599e-06,3.681696724566478249e-04,9.430376233655838464e-04,1.748715745113931137e-03,2.747542204192781994e-03,3.889360123206328512e-03,5.138021899999734889e-03,6.457272433881395234e-03,7.818134537069055048e-03,9.204651892005782932e-03,1.060565470072703798e-02,1.201824957774685204e-02,1.344045386308955099e-02,1.487336754674439300e-02
-9.371186378764706330e-04,-7.669869471830225447e-04,-6.194957509958424081e-04,-4.703933062088715665e-04,-3.126310385274657863e-04,-1.418859283093797932e-04,6.440617361832421870e-05,3.810137896046215749e-04,8.928289438420116244e-04,1.635629606606698238e-03,2.575669233893382142e-03,3.663819834754098326e-03,4.864361122010760208e-03,6.142472262398559861e-03,7.468989514894709865e-03,8.828696435737764039e-03,1.021086096902053958e-02,1.161269283431302403e-02,1.303136394591316097e-02,1.446607247774536927e-02
-7.321595948401996880e-04,-5.919333059801649239e-04,-4.712773917143359159e-04,-3.491208084935934898e-04,-2.198475495844903684e-04,-7.992221633578881291e-05,9.087218780049486147e-05,3.620909376633998033e-04,8.194933813554938643e-04,1.504261002169971894e-03,2.387972419211932887e-03,3.423898690455438355e-03,4.577608224763125150e-03,5.816271010490184704e-03,7.109891353113480424e-03,8.443594751035761806e-03,9.806636074918247473e-03,1.119645586339827227e-02,1.261016157603362699e-02,1.404577468872169818e-02
-6.228331797075906508e-04,-5.027595383122176933e-04,-4.003008336038158844e-04,-2.964689422600368498e-04,-1.866888845472437861e-04,-6.819217667089090269e-05,7.694525082743904900e-05,3.126057733946391087e-04,7.233074501732299297e-04,1.354340127356427372e-03,2.183417376174433613e-03,3.167183076310703914e-03,4.273211331626475262e-03,5.471346903426280162e-03,6.730813528243873543e-03,8.037698069459501757e-03,9.381546390433452218e-03,1.076013421896413434e-02,1.217042135049833766e-02,1.360886452460519265e-02
-6.018183892227621512e-04,-4.929854180147327835e-04,-4.013906770327341331e-04,-3.085632428972779001e-04,-2.106415289243877321e-04,-1.056011884951906416e-04,2.229828315658184971e-05,2.310811423502625781e-04,6.022449286727531072e-04,1.183809845438720627e-03,1.960081718979041470e-03,2.891992785559739567e-03,3.949955087360602912e-03,5.107171613725781760e-03,6.332137743339114055e-03,7.612244545230307732e-03,8.937264505815178256e-03,1.030521951193036356e-02,1.171297725884520163e-02,1.315545304847586840e-02
-6.678359587027542059e-04,-5.618513090080099739e-04,-4.745574373358470784e-04,-3.861897455237338372e-04,-2.933116124873638166e-04,-1.946266903933394109e-04,-7.644352944172386037e-05,1.134466138284907061e-04,4.520938125450304286e-04,9.888559800029031194e-04,1.714663514030649594e-03,2.595437180877179038e-03,3.605194428861356951e-03,4.721083236662176018e-03,5.911095513604449660e-03,7.164300425138409902e-03,8.470763915629174121e-03,9.828795095015276442e-03,1.123526279106228272e-02,1.268348735739673744e-02
-8.255096810282836666e-04,-7.142023539470455451e-04,-6.249414849946800018e-04,-5.347986361918004783e-04,-4.404905325560574459e-04,-3.414444202861816632e-04,-2.258751409757304941e-04,-4.716064313958248622e-05,2.662192840603446299e-04,7.636193691730175630e-04,1.442212116027388876e-03,2.273357393886215900e-03,3.235356148790649068e-03,4.309823516067168118e-03,5.464752019003752369e-03,6.691219669861550763e-03,7.979689651442228165e-03,9.328782773445242621e-03,1.073544017583280899e-02,1.219132121750052429e-02
-1.085662004273684530e-03,-9.608257702635154092e-04,-8.631715992338857444e-04,-7.648851623365102072e-04,-6.625596923427858140e-04,-5.563561080480699866e-04,-4.362573559481649934e-04,-2.608472678774658468e-04,3.510752774092384525e-05,4.997366120228081661e-04,1.135705587530569860e-03,1.919971507217207605e-03,2.835615701548436628e-03,3.869125925400688972e-03,4.989312366201714873e-03,6.189532595881784213e-03,7.460859786514939355e-03,8.802299711481963163e-03,1.021096138746400810e-02,1.167673636178327007e-02
-1.466051103516546146e-03,-1.319259599704834546e-03,-1.206160100605060265e-03,-1.092772416847431457e-03,-9.752619508788651749e-04,-8.545492739641652848e-04,-7.222635274016969741e-04,-5.416889299004395497e-04,-2.543396620259373445e-04,1.856470011906655062e-04,7.854024476074319538e-04,1.527330222291920468e-03,2.399514441246623601e-03,3.393539672224853143e-03,4.480141422336006429e-03,5.655162521741966507e-03,6.910637944394388069e-03,8.246095944896721791e-03,9.658953674044292240e-03,1.113721202851269791e-02
-1.992623435879604769e-03,-1.815167203105426050e-03,-1.678428084491595182e-03,-1.541887023945531137e-03,-1.400929814230532583e-03,-1.257276314381494025e-03,-1.104106035486465427e-03,-9.087987503669315084e-04,-6.198314891331820325e-04,-1.944374991990991807e-04,3.777809174385620013e-04,1.084234171760122076e-03,1.917895837089953533e-03,2.875443110353328134e-03,3.930867174421820084e-03,5.082694359123322674e-03,6.324443633716685803e-03,7.656349863235807282e-03,9.076256198691375413e-03,1.057008389234656391e-02
-2.701450831289031740e-03,-2.484480001651463536e-03,-2.314161500244643795e-03,-2.144717469399120245e-03,-1.970353117383114722e-03,-1.793639177537400880e-03,-1.609228521322907677e-03,-1.387881675127928703e-03,-1.085042996647368838e-03,-6.616388827204736306e-04,-1.052766227145305748e-04,5.757464287316336636e-04,1.378750673198985257e-03,2.305133838328132616e-03,3.333445845994555644e-03,4.465130350066074533e-03,5.696002406732908127e-03,7.027482415341816321e-03,8.458192177559723662e-03,9.971853734811181660e-03
-3.641707881525896653e-03,-3.376707808909121169e-03,-3.160407432312002662e-03,-2.945845359375048270e-03,-2.725623218083636588e-03,-2.503284253174550920e-03,-2.274963966480750971e-03,-2.013996741946384641e-03,-1.682607611396111499e-03,-1.245706656126766270e-03,-6.900292838928505151e-04,-2.035875958259837195e-05,7.641415929752429920e-04,1.668861416710997088e-03,2.677836040266863039e-03,3.795418655288393481e-03,5.020291823107596481e-03,6.355263507234858167e-03,7.799948371998639482e-03,9.336153339728004222e-03
-4.880481009648002765e-03,-4.560223275696178094e-03,-4.282241228042439098e-03,-4.006972884503825355e-03,-3.724851315559387591e-03,-3.440479725038159912e-03,-3.151650775858902062e-03,-2.833539929676191001e-03,-2.455050476402446859e-03,-1.985306581038590989e-03,-1.411253170707379989e-03,-7.350148265962600609e-04,4.676707115593431582e-05,9.426867297051418852e-04,1.943187399787162442e-03,3.056302777137485764e-03,4.285226134752496106e-03,5.635283445954430981e-03,7.107073842629123804e-03,8.678741590875543171e-03
-6.511299352599968226e-03,-6.131383302004604283e-03,-5.771391804350133221e-03,-5.415526525772049529e-03,-5.051609501784772027e-03,-4.684894476919349710e-03,-4.314651252077519525e-03,-3.916756063237845052e-03,-3.466474858432528824e-03,-2.937159799736986220e-03,-2.316974254666502153e-03,-1.606563964994548116e-03,-8.019083247728556836e-04,1.064817201231702139e-04,1.113772007908487736e-03,2.229965486274872784e-03,3.462363938543730132e-03,4.819943450981549991e-03,6.307733542005332372e-03,7.906319049240303001e-03
-8.670616632429637219e-03,-8.233277146867301957e-03,-7.763031011470722040e-03,-7.296834935476613146e-03,-6.822251581817009164e-03,-6.345576337368273416e-03,-5.867683782021269195e-03,-5.363809880920566292e-03,-4.814883549933930695e-03,-4.197628719654154968e-03,-3.500991326813727295e-03,-2.723301796630643850e-03,-1.858964797311375402e-03,-8.964287760295757811e-04,1.657867512988593216e-04,1.340949110773793701e-03,2.640512897505842022e-03,4.073699755831440908e-03,5.640751466980944637e-03,7.310140717623870611e-03
-1.156349364787115711e-02,-1.109521972593780111e-02,-1.048977538830660194e-02,-9.875809449660773176e-03,-9.246663649819110431e-03,-8.612215550267586159e-03,-7.976888966854172799e-03,-7.315903702916594191e-03,-6.617592506414166943e-03,-5.864196054248356146e-03,-5.048717444028661371e-03,-4.171094313777493762e-03,-3.228854935675300013e-03,-2.213253821254734018e-03,-1.120577802218914766e-03,6.468493140815681128e-05,1.362690775026471771e-03,2.796056401244842362e-03,4.382909194346732221e-03,6.108802555649778775e-03
-1.540564077197211813e-02,-1.494973450046892249e-02,-1.422107745007993029e-02,-1.346094628881186125e-02,-1.266771822305253967e-02,-1.185389164297465797e-02,-1.102519673290655589e-02,-1.015366162682252056e-02,-9.232143507701571702e-03,-8.245177954899304829e-03,-7.186982010154132489e-03,-6.056543844224192459e-03,-4.853069539961054821e-03,-3.571696625299924325e-03,-2.212217137256868461e-03,-7.687116054823647055e-04,7.670584687540991627e-04,2.400997579832013333e-03,4.131665557313015692e-03,5.927685086750116017e-03
-1.961385932124454223e-02,-1.904396798227179707e-02,-1.824432334405045458e-02,-1.743242384596266001e-02,-1.658296794181680911e-02,-1.570713259465791878e-02,-1.480910855549022985e-02,-1.385788811868686812e-02,-1.285013227490592637e-02,-1.177145339124717818e-02,-1.061662465075883383e-02,-9.381807564646437933e-03,-8.063548024059889741e-03,-6.654228671724932501e-03,-5.147591665391865710e-03,-3.533601127628442466e-03,-1.799153359098782778e-03,6.480507758386926109e-05,2.057705682663950493e-03,4.146239726756753216e-03
