1.482334004870302681e-02
8.528505917227541255e-02
4.729598459446389125e-01
2.568919054570669935e+00
1.363666451427443782e+01
6.727663114760316887e+01
2.881993446553477156e+02
9.752093378940279536e+02
2.489040836353797658e+03
5.005738860853934966e+03
8.544908674431333566e+03
1.299445634970259744e+04
1.824192620332446677e+04
2.412787798883108917e+04
3.046176992042088750e+04
3.722973669596450054e+04
4.421399639315416425e+04
5.093153538532227685e+04
5.709749954534589051e+04
6.343230447033951350e+04
