2.077136828834773210e-03
1.322794342915351376e-02
8.375430168843651935e-02
5.226788945771086992e-01
3.183894539723320705e+00
1.847004318627799080e+01
9.544266344080671161e+01
3.857245899440112566e+02
1.117868417695995049e+03
2.408068419826127410e+03
4.280119848237907718e+03
6.687815685969146216e+03
9.496679703181742298e+03
1.279258825904920559e+04
1.629248530929411572e+04
2.005537849901425579e+04
2.400768490833526812e+04
2.822788063827625228e+04
3.228201715087200864e+04
3.642659857246878528e+04
