3.833357712547604164e-03
2.370868595103924406e-02
1.458125142829068965e-01
8.810190745295902737e-01
5.186147916803617086e+00
2.888868537406272807e+01
1.421184151816394490e+02
5.428818117913432388e+02
1.515919693825968125e+03
3.207077250637989437e+03
5.669585558778242557e+03
8.852745742013914423e+03
1.260845748289810581e+04
1.702677304010578519e+04
2.176624952075164765e+04
2.686429766896548608e+04
3.226139684466987092e+04
3.806363653460764181e+04
4.364933021812981315e+04
4.938672317455490702e+04
