1.706672417820454728e-05
1.010978910227406817e-04
5.939867332861378801e-04
3.459336793883766373e-03
2.013565801159810167e-02
1.155906955027847793e-01
6.506557290359427093e-01
3.590141510496496657e+00
1.858748693164308463e+01
8.322485913335312091e+01
2.792065902494874194e+02
6.398241152411285384e+02
1.114289429936850865e+03
1.629822346089237499e+03
2.157074013720043240e+03
2.674951351040128884e+03
3.178405945377523949e+03
3.663288171910921392e+03
4.128364435242283434e+03
4.572880282080356665e+03
