-9.887591224540321494e-03,-9.513439615398598670e-03,-8.504681895206716094e-03,-7.388478837720509687e-03,-6.213956569050083610e-03,-4.965911365299919590e-03,-3.654152764459571955e-03,-2.247768182079912594e-03,-7.285086687477997569e-04,9.242314657768885972e-04,2.667210721040453193e-03,4.454294715412568731e-03,6.242741496275071821e-03,8.007720275530986337e-03,9.730464974920692220e-03,1.139494506795936564e-02,1.299667754789737319e-02,1.453405058186745674e-02,1.602039472570415679e-02,1.744894161177872743e-02
-6.813514230893333648e-03,-6.005132614953024965e-03,-4.999792516362787896e-03,-4.001515795967776692e-03,-3.005864578639712553e-03,-1.987243138711636877e-03,-9.523313919758767242e-04,1.329213939144541798e-04,1.302390688471882427e-03,2.605568238159447405e-03,4.018289112515948357e-03,5.497075756406170043e-03,6.997480850618270631e-03,8.501231158086527961e-03,9.999137718853945075e-03,1.148548002186252498e-02,1.296042907356487195e-02,1.441689524483201999e-02,1.585704318817522315e-02,1.726134571532735029e-02
-4.332628692532913654e-03,-3.644598442192336328e-03,-2.975836237137305385e-03,-2.337139844125675839e-03,-1.706861170348401022e-03,-1.056320458900927590e-03,-3.857107671565677010e-04,3.467779677888699211e-04,1.194554501184835835e-03,2.240807272362460318e-03,3.487920891337736948e-03,4.894178617373024127e-03,6.400315338338583016e-03,7.967067333101989987e-03,9.554868359286847884e-03,1.112855792490417654e-02,1.266771547097677100e-02,1.415794253112334991e-02,1.560772682052677038e-02,1.700951631554966856e-02
-2.553978043530303645e-03,-2.017903074407145954e-03,-1.524261375450757785e-03,-1.025614590823419048e-03,-5.135842292670367596e-04,3.001936952512846142e-05,6.001035338440806463e-04,1.230239542687561497e-03,1.971800806428003483e-03,2.916420798585417709e-03,4.073599651064728835e-03,5.389240499801793705e-03,6.787209222143761496e-03,8.224223200074650547e-03,9.668842177627949216e-03,1.110489069381077713e-02,1.253160905110421372e-02,1.394330961998931778e-02,1.534622871666790206e-02,1.672462973298781408e-02
-1.253219639629178910e-03,-8.313333010084204095e-04,-4.525102704456144599e-04,-6.855805183600588210e-05,3.179537755156210100e-04,7.206083856061202457e-04,1.135005653631009038e-03,1.592390738178050321e-03,2.147789525137337903e-03,2.908558732599676559e-03,3.908936359316662369e-03,5.106388650135921560e-03,6.427638013999842359e-03,7.829815147689598784e-03,9.273896169360546643e-03,1.073009154108951410e-02,1.218207119477534781e-02,1.361169512397848724e-02,1.502174204820881480e-02,1.640102503391212621e-02
-2.869477903177892553e-04,4.613508096230508856e-05,3.378529753538564136e-04,6.328239650010484933e-04,9.288384909675200841e-04,1.240134941406050061e-03,1.564507317591849007e-03,1.930373709945814578e-03,2.391710591598397891e-03,3.061443116369650091e-03,3.987512769055622484e-03,5.127708656314373427e-03,6.399372822284662629e-03,7.751223568710096171e-03,9.139767937572445058e-03,1.053727481478280992e-02,1.193483025463061738e-02,1.332058726023255604e-02,1.470058497870619166e-02,1.606385319234719319e-02
4.313106392190718414e-04,6.938800359122762086e-04,9.198951612281879194e-04,1.148931911852768160e-03,1.378730427096578476e-03,1.621342705220507651e-03,1.873821694061959505e-03,2.160020288454112068e-03,2.530482464763151272e-03,3.100096606007727174e-03,3.930576855235760544e-03,4.987398595659075541e-03,6.189269557029174369e-03,7.485950809540584637e-03,8.834688667161055831e-03,1.020653018109929366e-02,1.158968789015165160e-02,1.296720191744291789e-02,1.434157782443807802e-02,1.570189802913151897e-02
9.581284420413037741e-04,1.165354838142080218e-03,1.342419804257928995e-03,1.522508848122155513e-03,1.702877699407938676e-03,1.893752298095129809e-03,2.092329956698341185e-03,2.319516035826379823e-03,2.622741783162005347e-03,3.116478369023931421e-03,3.873357326898046842e-03,4.866407413511121723e-03,6.014832196007706064e-03,7.266170470072396553e-03,8.575817477919621748e-03,9.913140497117913646e-03,1.126672150877031792e-02,1.262017729045758832e-02,1.397709186848348009e-02,1.532786381536545110e-02
1.332238892064752491e-03,1.497192072633459848e-03,1.638269971910680765e-03,1.782314621582937368e-03,1.926250184120556919e-03,2.078941205067605640e-03,2.237726518816706821e-03,2.420698013506189430e-03,2.671206479884293081e-03,3.100294480919361158e-03,3.788134728595319353e-03,4.716067462457338919e-03,5.806512616134059356e-03,7.007385637019913037e-03,8.275129724560282424e-03,9.579040631690132965e-03,1.090769452336946659e-02,1.224367900416693800e-02,1.358947327895443195e-02,1.493507307615691247e-02
1.580145587882026944e-03,1.714219993062452265e-03,1.829521093019219032e-03,1.947702987372769206e-03,2.065520932315372850e-03,2.190744195124006907e-03,2.320757106211765626e-03,2.471192756776279323e-03,2.681153306521484331e-03,3.056601692405790192e-03,3.682645501833177026e-03,4.549502833473747024e-03,5.584572974023038761e-03,6.736865255379235855e-03,7.964044544931235536e-03,9.234964165806465800e-03,1.053774049268963071e-02,1.185458381317553052e-02,1.318783346018516378e-02,1.452728553266103596e-02
1.719045913987152880e-03,1.832331926808527687e-03,1.930144659870400466e-03,2.030761938530102444e-03,2.130863932199053828e-03,2.237343129218777316e-03,2.347565400370226363e-03,2.475070764633494763e-03,2.654656218930567715e-03,2.985891885980427110e-03,3.556098933687143818e-03,4.364225518397222940e-03,5.344040074915188190e-03,6.446734091447045220e-03,7.632114234892952917e-03,8.869293393269047851e-03,1.014599544325238065e-02,1.144438066532019009e-02,1.276661397763764576e-02,1.410138129851619578e-02
1.758431584276724195e-03,1.860091445213878699e-03,1.947425612752110794e-03,2.037517497357344085e-03,2.127022395491537203e-03,2.222155342375586179e-03,2.320194918387742406e-03,2.432913273481012665e-03,2.590844659960921115e-03,2.886310237236142193e-03,3.406429698379724591e-03,4.158429341380201830e-03,5.083619619001149975e-03,6.136488611930443655e-03,7.279688183450102636e-03,8.483045418752581043e-03,9.733659511254350027e-03,1.101388523313811922e-02,1.232594286928418575e-02,1.365686781396384906e-02
1.700896142474680843e-03,1.799535286730674470e-03,1.882648940153437310e-03,1.968509104700072627e-03,2.053775827638195696e-03,2.144169029570503621e-03,2.236800039118767847e-03,2.341968114646689105e-03,2.486065346278851056e-03,2.753692722719987013e-03,3.229647981305856005e-03,3.928580303750286301e-03,4.800110850104589814e-03,5.803063423698570818e-03,6.903607064724709939e-03,8.072880961800303623e-03,9.297333366645300565e-03,1.055985415838821620e-02,1.186295167946340400e-02,1.319145028031394259e-02
1.542365402459680351e-03,1.646384677761625554e-03,1.731248784417091730e-03,1.818878232021393752e-03,1.905965631117497588e-03,1.997903875095980580e-03,2.091546262601111979e-03,2.195988654030568699e-03,2.333650042532902594e-03,2.581264996719697443e-03,3.019523081490288561e-03,3.669310026747557140e-03,4.488927477425979154e-03,5.442471263569991294e-03,6.500291608591305878e-03,7.635499776956875158e-03,8.834001653566417311e-03,1.007953684280067305e-02,1.137510102584743214e-02,1.270295954664488886e-02
1.271825378888719309e-03,1.389735798627720828e-03,1.482478717739785972e-03,1.578017200322915725e-03,1.673121513319702786e-03,1.773014591785392882e-03,1.874189496161132425e-03,1.984786494187666585e-03,2.123447923365692162e-03,2.359173347524329625e-03,2.767117862275216000e-03,3.372965154022785749e-03,4.143638224209230010e-03,5.049227055408486708e-03,6.064897964208648337e-03,7.166444213535356177e-03,8.339568925262556137e-03,9.569206081438656405e-03,1.085899908316692065e-02,1.218861559844488032e-02
8.705387884727832856e-04,1.011208347750600870e-03,1.118578881265741435e-03,1.228751212679119907e-03,1.338658173446551558e-03,1.453502072089337717e-03,1.569299573772223871e-03,1.693464683817148299e-03,1.841073178414607669e-03,2.073762398501254392e-03,2.460102917593400169e-03,3.028994182228111638e-03,3.755493776272257351e-03,4.616073836387815828e-03,5.591255826306838761e-03,6.660222850407396776e-03,7.809078625576688221e-03,9.024362498403513955e-03,1.031050087376308814e-02,1.164499280287245933e-02
3.106667863969686180e-04,4.834424595524974529e-04,6.133335804328815316e-04,7.459506368090741127e-04,8.785406611464752690e-04,1.016434315755807005e-03,1.155039860850969567e-03,1.301248599715725072e-03,1.466762737864965018e-03,1.706419078697065392e-03,2.081521456323127094e-03,2.622599202147996890e-03,3.312015700099865852e-03,4.132641603229255008e-03,5.070759397692112085e-03,6.109610288420008056e-03,7.236525519696977021e-03,8.440057253270861690e-03,9.725379931092254654e-03,1.106872843569613879e-02
-4.468905915178096404e-04,-2.322922715032797020e-04,-7.020958196788085984e-05,9.435955045996525701e-05,2.592112958041450899e-04,4.299619520280281064e-04,6.012950663323445195e-04,7.797989389433185531e-04,9.739818592781900085e-04,1.232571974615368241e-03,1.609203236308347044e-03,2.134470891700676696e-03,2.796854031160811872e-03,3.585130132177298361e-03,4.491479300144127912e-03,5.503843333135908199e-03,6.612021283267393960e-03,7.807366025088188950e-03,9.095895670266270980e-03,1.045404372824203579e-02
-1.455816495842401394e-03,-1.189836649190480992e-03,-9.833242052888048826e-04,-7.747915476806702811e-04,-5.655794122148958712e-04,-3.497172563053260698e-04,-1.334344006039676520e-04,8.979935921606204579e-05,3.255569314717219774e-04,6.174190187774254886e-04,1.011390127775092622e-03,1.536892394416559081e-03,2.187230050352562908e-03,2.956102708312395664e-03,3.841106842891581566e-03,4.834855834391198377e-03,5.930362793743537697e-03,7.122191470327677784e-03,8.417130315831624840e-03,9.794399765931469798e-03
-2.789686680136593301e-03,-2.464134849732097822e-03,-2.197432679308432887e-03,-1.929446834981866877e-03,-1.659970114739934980e-03,-1.382538363121124745e-03,-1.104729587445846132e-03,-8.201632976745213723e-04,-5.263004654146701813e-04,-1.839091687249067714e-04,2.455144751783322910e-04,7.892681045846740165e-04,1.444429340819045190e-03,2.208873397450049954e-03,3.085616281092643312e-03,4.072757325893807366e-03,5.168350246922923455e-03,6.371276519603691173e-03,7.688273182002066872e-03,9.101723646830111106e-03
-4.551213821198342099e-03,-4.161477994548375310e-03,-3.813703754350005089e-03,-3.466559389795379701e-03,-3.117460247904845806e-03,-2.758300397071007572e-03,-2.397674017333198057e-03,-2.028947304702464777e-03,-1.652516422473657978e-03,-1.232676927519720574e-03,-7.385209992243329385e-04,-1.463596699991463182e-04,5.423777655698404062e-04,1.326921376363375798e-03,2.212916394318083062e-03,3.201867877941027771e-03,4.296764967926787124e-03,5.502689539283621943e-03,6.830268175499914531e-03,8.274111481183099234e-03
-6.889833718280743632e-03,-6.440387537957311184e-03,-5.980694209000748073e-03,-5.522734654995233895e-03,-5.064908263604279808e-03,-4.597397461280425777e-03,-4.129634399729262793e-03,-3.653981599269344373e-03,-3.172868148559884142e-03,-2.651791038124715321e-03,-2.065288533361507931e-03,-1.391649964324068308e-03,-6.292863590643159918e-04,2.238121510686763582e-04,1.177091007439553215e-03,2.235813700687643447e-03,3.406520912671213031e-03,4.695179492663633693e-03,6.105145307517630474e-03,7.629736157335513351e-03
-1.002906801499671083e-02,-9.558568964358853115e-03,-8.960151447276678768e-03,-8.347763863464072176e-03,-7.729980253377320004e-03,-7.098515489301342185e-03,-6.466294885804167898e-03,-5.826996813064903684e-03,-5.188020326899871540e-03,-4.518249254118345513e-03,-3.800597882281020988e-03,-3.019364941034008605e-03,-2.174602648432558821e-03,-1.266023565801885180e-03,-2.834181662732333166e-04,7.829776845712478010e-04,1.950539823156673081e-03,3.242068699647988276e-03,4.678368731740462950e-03,6.280037614468272737e-03
-1.420398778741352105e-02,-1.378839483770629391e-02,-1.307599794759945616e-02,-1.231725255969061926e-02,-1.153336396977307048e-02,-1.071595513231325854e-02,-9.879721334670918745e-03,-9.016201443678203281e-03,-8.134865287617894583e-03,-7.203926192344666489e-03,-6.211238736435169792e-03,-5.144567080025977228e-03,-4.004802548401027729e-03,-2.795439245184390843e-03,-1.512919447501393953e-03,-1.575413984767920104e-04,1.275096095370578707e-03,2.791282805938347274e-03,4.389506796828116994e-03,6.080215898149357763e-03
-1.878339205644487600e-02,-1.828527327625222021e-02,-1.750234087188325821e-02,-1.669791431248922320e-02,-1.587060037589223607e-02,-1.500259500929954949e-02,-1.410995137054934720e-02,-1.318004163733137862e-02,-1.222398086533498657e-02,-1.120663071302127438e-02,-1.011930761362029967e-02,-8.950299756941844376e-03,-7.697015256666116939e-03,-6.358197810830904483e-03,-4.924482338292797412e-03,-3.388486313439785427e-03,-1.737207680506655744e-03,4.349015665314267946e-05,1.952670472131540994e-03,3.999207204653528781e-03
