2.613361737925708425e-05
1.791110203401999020e-04
1.181405912413538992e-03
7.737618465604078656e-03
5.012509297525875873e-02
3.218503868863791251e-01
2.039100427296999474e+00
1.239926933897907446e+01
6.757159830105146625e+01
2.841946495577584528e+02
7.727477264009410192e+02
1.463043159284529793e+03
2.239458407232537866e+03
3.018103676464355431e+03
3.760897701767278249e+03
4.449579729650547051e+03
5.079584612655540695e+03
5.649168327175812919e+03
6.162770988935869354e+03
6.626695102760693771e+03
