4.955394848132068601e-04
3.602511982115594227e-03
2.475954554776639907e-02
1.679070554829187600e-01
1.128515965981421676e+00
7.385468474485240797e+00
4.476655779540671176e+01
2.211286922109136697e+02
7.188993116470776386e+02
1.574643926229435692e+03
2.669690097142869945e+03
3.855236689530868261e+03
4.996338225440206770e+03
6.004147200124104529e+03
6.852266632908123938e+03
7.547134187812392156e+03
8.117253711008361279e+03
8.592168952843523584e+03
8.993961926219259112e+03
9.339949510110316623e+03
