5.040070714342008949e-04
3.340410157264010662e-03
2.141770765692392262e-02
1.369036802237241779e-01
8.557258746081830569e-01
5.207436625124244323e+00
2.936245268076800130e+01
1.375846688158907796e+02
4.578037424240353630e+02
1.005310272582773678e+03
1.697875659727830225e+03
2.456395643491626288e+03
3.218524680324897872e+03
3.952962953347966504e+03
4.642233455728511217e+03
5.276763390247260759e+03
5.854800752825615746e+03
6.377762175489628135e+03
6.850496983504684067e+03
7.277246906277908238e+03
