-1.093343880287086546e-02,-1.043401231561533367e-02,-9.348101209681224794e-03,-8.168463194311579786e-03,-6.920001313661035790e-03,-5.590908939579251544e-03,-4.174931376311285733e-03,-2.645600869976524536e-03,-1.004297266008512659e-03,7.339543495378577373e-04,2.554234710318792779e-03,4.433613281422182743e-03,6.348562562137801887e-03,8.272218754023525494e-03,1.018046917704937965e-02,1.205039563539253913e-02,1.386710074626320080e-02,1.562246801990126686e-02,1.731364136308567378e-02,1.894069588984963193e-02
-8.417305995807818075e-03,-7.597235277298238984e-03,-6.562825908953788534e-03,-5.525073405733078348e-03,-4.464282173767677303e-03,-3.355719547452370392e-03,-2.180160206414965413e-03,-8.999888115499109350e-04,4.986089668493149047e-04,2.003757112370745629e-03,3.600167228075303472e-03,5.262997949944486949e-03,6.970239588628210879e-03,8.701276151021678645e-03,1.044393719729767682e-02,1.218660332350438545e-02,1.391927762642210242e-02,1.562824699253400826e-02,1.729804352213958063e-02,1.891676497247109581e-02
-6.430190744707566138e-03,-5.728500861847070358e-03,-4.991066133773431300e-03,-4.266147999312172590e-03,-3.522984412489694583e-03,-2.732486063761222547e-03,-1.862674968531777926e-03,-8.600767784729332344e-04,3.112155528928163767e-04,1.649899333127899425e-03,3.147344581751294976e-03,4.780291347994959118e-03,6.522053783921244637e-03,8.336486249768758350e-03,1.018588521424512727e-02,1.202882472588404257e-02,1.383375522119432467e-02,1.558205720808713765e-02,1.726727293020385162e-02,1.888999924255068893e-02
-5.022732265117156765e-03,-4.457275503500732552e-03,-3.886569186027406895e-03,-3.305154166633051359e-03,-2.692419343831025866e-03,-2.023036799790925953e-03,-1.260741292534164762e-03,-3.448808171514912663e-04,7.703205939219478745e-04,2.078673911538564314e-03,3.558096320663235290e-03,5.167472561002622172e-03,6.864923418512952798e-03,8.608313814930971045e-03,1.036840728488877365e-02,1.212338077139348512e-02,1.386101572207573858e-02,1.557034757655158252e-02,1.723938772850847415e-02,1.885808900974978233e-02
-3.991396616934389345e-03,-3.528535191704203905e-03,-3.072814915728867835e-03,-2.607655247155116641e-03,-2.120736313607262356e-03,-1.588280996578897821e-03,-9.695199774013802752e-04,-1.943729127069633133e-04,7.974048972133695014e-04,2.004800571799979485e-03,3.407011671725464468e-03,4.965067818753611008e-03,6.640937351999819452e-03,8.394155428616099576e-03,1.018994040282949175e-02,1.199254761155655810e-02,1.377321945946440550e-02,1.551106296267678632e-02,1.719443325603366157e-02,1.881918334636616466e-02
-3.214051820772099912e-03,-2.831349767188194415e-03,-2.464583290372178350e-03,-2.090791205083764471e-03,-1.698690904945345101e-03,-1.263414946001597400e-03,-7.398631757379398261e-04,-4.887146941656770309e-05,8.830709835606887458e-04,2.057674978633096657e-03,3.448228689439292345e-03,5.006481054043989895e-03,6.684218184269858504e-03,8.432587043053049042e-03,1.021319017638962212e-02,1.199367065670991703e-02,1.375311764239224403e-02,1.547703368679632409e-02,1.715481478639083179e-02,1.877930577829988595e-02
-2.621598977422057077e-03,-2.303075682160112599e-03,-2.005060656192869054e-03,-1.701060657124280019e-03,-1.381241781649546153e-03,-1.022085823673909294e-03,-5.775132420623565804e-04,3.781696329874765930e-05,9.087148107757142806e-04,2.039771218464945905e-03,3.400066499488325032e-03,4.937304140256305700e-03,6.601424101310797259e-03,8.344132069537693944e-03,1.012743187593047496e-02,1.191734923099376300e-02,1.368889656909141363e-02,1.542325786104273982e-02,1.710803271624931551e-02,1.873681768204403866e-02
-2.171338707117297529e-03,-1.903868802935757996e-03,-1.658431686748195345e-03,-1.407665081282717754e-03,-1.143469708583947416e-03,-8.438176043828305274e-04,-4.621503627783353518e-04,9.247777848636547530e-05,9.161439931167876050e-04,2.017457518026127914e-03,3.361864032287139106e-03,4.892693023835754593e-03,6.555747905514328240e-03,8.299650166711778493e-03,1.008381936572268212e-02,1.187325713041197453e-02,1.364366744861570183e-02,1.537755009947705358e-02,1.706326584381976513e-02,1.869414159455225904e-02
-1.835015557900354774e-03,-1.607222384641778011e-03,-1.401344090736650729e-03,-1.190657267263499656e-03,-9.686026149111359469e-04,-7.145420358068421685e-04,-3.822244623726393808e-04,1.232961634856222634e-04,9.079071572166745813e-04,1.984054531122124432e-03,3.313733827938770190e-03,4.836621538245075395e-03,6.495549139018185619e-03,8.237976308454053251e-03,1.002272312381144101e-02,1.181457278280332625e-02,1.358876166921699907e-02,1.532682000671674663e-02,1.701638169736697723e-02,1.865058070594236700e-02
-1.593321132522589664e-03,-1.395102046918065197e-03,-1.218041222903617224e-03,-1.036574516310209389e-03,-8.454308743987437201e-04,-6.252748187869840591e-04,-3.307725597038397637e-04,1.356151674772896405e-04,8.883396266509212920e-04,1.943925197805301212e-03,3.261853879460986996e-03,4.779145730076749324e-03,6.436097929810914893e-03,8.178945049395024494e-03,9.965407564409018565e-03,1.175959682229715808e-02,1.353644740976284871e-02,1.527727441123683493e-02,1.696970392345387851e-02,1.860681615463377625e-02
-1.433131902247580932e-03,-1.255325385776829162e-03,-1.097931665980198413e-03,-9.364159359664642841e-04,-7.665691961048964670e-04,-5.702220863037162383e-04,-3.033456487082079227e-04,1.329057782995743950e-04,8.601243851184237846e-04,1.898869502915628057e-03,3.206961630054155042e-03,4.719581242614525295e-03,6.374869575167887298e-03,8.118100970834577282e-03,9.906183948964045194e-03,1.170280568865233323e-02,1.348268522211808207e-02,1.522676748827126759e-02,1.692247023370687525e-02,1.856271862560849792e-02
-1.346035843523618993e-03,-1.180134358835965716e-03,-1.034313283359595149e-03,-8.845380705605393251e-04,-7.274613815487567751e-04,-5.458988423624166466e-04,-2.973532520935795020e-04,1.171457876131908168e-04,8.247768112821430740e-04,1.849919666846730829e-03,3.149721928387269262e-03,4.658467725421291949e-03,6.312584995160815289e-03,8.056572972222736037e-03,9.846601019657787515e-03,1.164587447556189939e-02,1.342885290641882522e-02,1.517613951729619368e-02,1.687506266554639894e-02,1.851843078920017288e-02
-1.327540506251205987e-03,-1.165425068808618623e-03,-1.023692543556078060e-03,-8.780605873699925479e-04,-7.258639810516854043e-04,-5.506928296466414045e-04,-3.116868811034560760e-04,8.917902951441988738e-05,7.830149713246939164e-04,1.797613105853279256e-03,3.090488197429368169e-03,4.596013032615410727e-03,6.249336068440320552e-03,7.994316814190747383e-03,9.786473215408736381e-03,1.158852229857594042e-02,1.337467876837256098e-02,1.512521413967657380e-02,1.682741665228953618e-02,1.847395443398760703e-02
-1.376690771666030195e-03,-1.210377154895452261e-03,-1.065460114289756106e-03,-9.165863892211311781e-04,-7.616093335488088043e-04,-5.846633996859318351e-04,-3.465385220851150165e-04,4.887658899016661374e-05,7.348852059018436524e-04,1.742071117907700948e-03,3.029363590225875747e-03,4.532272590986600319e-03,6.185150024831126241e-03,7.931355205287631688e-03,9.725848733896584608e-03,1.153083176120736630e-02,1.332026357947770773e-02,1.507407598032023920e-02,1.677958805894241845e-02,1.842932179731892120e-02
-1.495979386459566534e-03,-1.317370085036104026e-03,-1.161821832861343207e-03,-1.002146678954729878e-03,-8.365637667756333504e-04,-6.495082030380351992e-04,-4.033681553152275077e-04,-4.834652639108063082e-06,6.797850048300312564e-04,1.683026948198575439e-03,2.966242423646704533e-03,4.467194025538148705e-03,6.119993004052520259e-03,7.867659347606711581e-03,9.664690185112161797e-03,1.147274950106007795e-02,1.326554820690644364e-02,1.502267796739983029e-02,1.673155679855094918e-02,1.838453234957141205e-02
-1.691520259601597340e-03,-1.492157846649431584e-03,-1.317960023851925825e-03,-1.139348627775874133e-03,-9.547610628947854512e-04,-7.486810569320343466e-04,-4.850037072299927948e-04,-7.405794572500949365e-05,6.163907809611968332e-04,1.619775828740746982e-03,2.900779218667888515e-03,4.400591931205539466e-03,6.053765183243276470e-03,7.803231092139540671e-03,9.603124696688617595e-03,1.141452003083582960e-02,1.321081741959087390e-02,1.497124701449314803e-02,1.668344864245964801e-02,1.833963150522310501e-02
-1.973524521774501148e-03,-1.744341844879688944e-03,-1.542461601045529282e-03,-1.335758995311911923e-03,-1.122741271416492380e-03,-8.876859964738765402e-04,-5.958963766217337471e-04,-1.621532938987832711e-04,5.424683729831718520e-04,1.551056565890446140e-03,2.832346842817585596e-03,4.332087808718728360e-03,5.986004062445368819e-03,7.737283055556662750e-03,9.539934192206377464e-03,1.135467992463316984e-02,1.315474324820397646e-02,1.491890602960467722e-02,1.663485399132676873e-02,1.829448387770440596e-02
-2.357210219852942049e-03,-2.088270321188477000e-03,-1.848129827433625527e-03,-1.602628319062666734e-03,-1.350193353426982091e-03,-1.074629100768782763e-03,-7.425874428986030569e-04,-2.741664189101811243e-04,4.544340668239162800e-04,1.474657416126575350e-03,2.759960769848968966e-03,4.261943136557663422e-03,5.918511976854131870e-03,7.673438115182026550e-03,9.480239101096863200e-03,1.129877536160707290e-02,1.310190295408530936e-02,1.486847809509019014e-02,1.658701240154242598e-02,1.824944301646245007e-02
-2.864441907958246471e-03,-2.544648733713097705e-03,-2.253446994319354378e-03,-1.956178353772349780e-03,-1.651120925848026345e-03,-1.321267251944598532e-03,-9.345389799863376874e-04,-4.173549211612679125e-04,3.469592774186325366e-04,1.386396459463494404e-03,2.678971669128045983e-03,4.182832539575550949e-03,5.839364420727292948e-03,7.594717855304257068e-03,9.403892271721035062e-03,1.122750174827395579e-02,1.303778155523709244e-02,1.481173218251213494e-02,1.653652759169028236e-02,1.820351551788266728e-02
-3.526757147324893760e-03,-3.143448114343577217e-03,-2.785300897598365528e-03,-2.419931815728955469e-03,-2.045827102196824416e-03,-1.645038731699832810e-03,-1.186420976089757511e-03,-6.030700150083974495e-04,2.137190714928719978e-04,1.287869285244618370e-03,2.602448372791991548e-03,4.122608846525237757e-03,5.792629861020344960e-03,7.558454044028166570e-03,9.372718038695247028e-03,1.119521914333069038e-02,1.300019491194754837e-02,1.476877032727617195e-02,1.649115610900534282e-02,1.815870700741247651e-02
-4.391336469173339092e-03,-3.929283794054603748e-03,-3.484324201472015301e-03,-3.029698861551694510e-03,-2.564310083815689398e-03,-2.070730322813989742e-03,-1.520548209914795871e-03,-8.561427584145140822e-04,2.046682914512622530e-05,1.126856709766951457e-03,2.450826342265470872e-03,3.967148399210475643e-03,5.630017006641070687e-03,7.395082363437307030e-03,9.220743590328149206e-03,1.106704789356005754e-02,1.290116795428903479e-02,1.469536459395666059e-02,1.643443204270296498e-02,1.811062024249971217e-02
-5.533882153213369459e-03,-4.972048797513176771e-03,-4.414094986254888872e-03,-3.845579910420213188e-03,-3.259993378790862917e-03,-2.637503669392251508e-03,-1.951013049318958128e-03,-1.152096141581668938e-03,-1.538550342734563297e-04,1.053225860942675306e-03,2.457272643144600439e-03,4.033723266411285736e-03,5.733910292209149287e-03,7.509138291702851381e-03,9.315902565428286694e-03,1.112259772226067284e-02,1.291209660367305216e-02,1.467291083927895097e-02,1.639472660176607283e-02,1.806589835753381543e-02
-7.086768577479157609e-03,-6.395886846657598997e-03,-5.672970170216236341e-03,-4.956981168600821733e-03,-4.235842428914338154e-03,-3.486336761580399041e-03,-2.682797464391750968e-03,-1.786659923051250572e-03,-7.206320096579280163e-04,5.214426594468779628e-04,1.937776859837394422e-03,3.520595996766490588e-03,5.241042120812213108e-03,7.066020379134786179e-03,8.953640193166250913e-03,1.085881182564453484e-02,1.273979007362665075e-02,1.456734633066621674e-02,1.632581752271070052e-02,1.801283792027618541e-02
-9.265035147394063558e-03,-8.474343762323470475e-03,-7.478275555580413646e-03,-6.469117689658403225e-03,-5.445629228960082238e-03,-4.386305825589041640e-03,-3.271793814095855235e-03,-2.080812480797782690e-03,-7.551174461744135239e-04,6.950084490929539028e-04,2.258821312352197758e-03,3.921018174833380485e-03,5.650973644514827900e-03,7.422256722086367602e-03,9.211143338543241812e-03,1.100316293202353857e-02,1.278705482403312728e-02,1.455381313352891413e-02,1.628465877781599611e-02,1.796486854544769932e-02
-1.198983362223927755e-02,-1.150102379458490393e-02,-1.045287909723905360e-02,-9.313374002804859775e-03,-8.121047154690422959e-03,-6.861944666077621040e-03,-5.521699299825937220e-03,-4.091654194292225662e-03,-2.525707736894391726e-03,-8.427041318196574040e-04,9.465162846855157235e-04,2.827330759184842456e-03,4.771463874692600561e-03,6.750629739839026158e-03,8.732613138112767931e-03,1.068958301161898085e-02,1.259742219551954895e-02,1.444516738200198915e-02,1.622012618102252821e-02,1.792182349774787062e-02
