1.679343631230172541e-03
1.035490091066285090e-02
6.332292417896838443e-02
3.827543444952289375e-01
2.247697828966079836e+00
1.266940860671912539e+01
6.297874948283283913e+01
2.393727366126431377e+02
6.111659165325089589e+02
1.143550337595476549e+03
1.761502619824309932e+03
2.412564761231335979e+03
3.068326887517599516e+03
3.709601776995287764e+03
4.327517750878913830e+03
4.916565193409428502e+03
5.474372449676194265e+03
6.001189648802249394e+03
6.496941405468201992e+03
6.986550440455801436e+03
