4.809649115429572019e-02,4.335096811182245768e-02,3.820212185817058875e-02,3.292168653138070195e-02,2.739617543582149525e-02,2.153215127542763146e-02,1.535905881942132081e-02,8.736982690154798670e-03,1.832604911587271210e-03,-5.297255817075157379e-03,-1.274216612291184658e-02,-2.024079183745259095e-02,-2.780801885351048136e-02,-3.535987622322325080e-02,-4.283948269848349144e-02,-5.018313615484790852e-02,-5.733196417536364636e-02,-6.422185291246446104e-02,-7.079968303209606406e-02,-7.702281865355713186e-02
3.919090430601887554e-02,3.512929465162119985e-02,3.082298040986488144e-02,2.642740009498612680e-02,2.182522360810476569e-02,1.689830835390234917e-02,1.161642269500866124e-02,5.770382675234960942e-03,-4.724162213706739871e-04,-7.094613748556423058e-03,-1.409249074433707900e-02,-2.124753320161334308e-02,-2.854486589021442214e-02,-3.588459989247504145e-02,-4.320085717012672744e-02,-5.041929626116787438e-02,-5.747385421396739025e-02,-6.429397709293169227e-02,-7.081822029897950899e-02,-7.701128033013510121e-02
3.095987243839396982e-02,2.766882198386768146e-02,2.420796765798485101e-02,2.068200927053405469e-02,1.698023689527404859e-02,1.297052395241667100e-02,8.561650273669414030e-03,3.471966800268744009e-03,-2.153428832571206188e-03,-8.328317114803423724e-03,-1.495036690093977730e-02,-2.183706071676014618e-02,-2.893592964441311574e-02,-3.613002688294703058e-02,-4.334160171822817875e-02,-5.048477752517197686e-02,-5.748601097342642685e-02,-6.427027354380095148e-02,-7.076282748092166397e-02,-7.695109073175347703e-02
2.456370453035488718e-02,2.191830121327279640e-02,1.914600913887255090e-02,1.632394265942795769e-02,1.335207123564963530e-02,1.009520234486751405e-02,6.412823307496967780e-03,1.958162383047939992e-03,-3.168486451161041124e-03,-9.000761810862628262e-03,-1.535113518913117266e-02,-2.205897602974093638e-02,-2.903399370264030110e-02,-3.614491874342716515e-02,-4.330209150592440742e-02,-5.041012127332693271e-02,-5.738944298146921030e-02,-6.416275215755748440e-02,-7.064195877215571906e-02,-7.684067980105545315e-02
1.964949002215130719e-02,1.751818634768795291e-02,1.528965664007094633e-02,1.302237735290290299e-02,1.062798714934104147e-02,7.975191658393559688e-03,4.887332352248012317e-03,9.615032211608893521e-04,-3.762112303115122593e-03,-9.330302492903414652e-03,-1.548419051996709900e-02,-2.207326150028843248e-02,-2.897126697582127347e-02,-3.603591805059191966e-02,-4.316652837514486918e-02,-5.026067340593147470e-02,-5.723429802897690710e-02,-6.400898985536453145e-02,-7.048590646375132995e-02,-7.670039982424488312e-02
1.585319141444588645e-02,1.412766143240740645e-02,1.232634182074032574e-02,1.049462584500772226e-02,8.555355933770851171e-03,6.385018365054317621e-03,3.782584668033186787e-03,2.986294034471070110e-04,-4.095218945675993538e-03,-9.455930752180806767e-03,-1.546537057140408983e-02,-2.197447417703452324e-02,-2.882384438989316067e-02,-3.586328991152278045e-02,-4.298222029603795957e-02,-5.007343346041587956e-02,-5.704962426364834638e-02,-6.383168651188583786e-02,-7.031317766612318887e-02,-7.654459085796726237e-02
1.292141990994226386e-02,1.151393098358064089e-02,1.004634049084776777e-02,8.554821025921168637e-03,6.972263768662112504e-03,5.184757277684349380e-03,2.976527462116708694e-03,-1.386705324503908511e-04,-4.260663999726276192e-03,-9.455979133484931215e-03,-1.535772417229629323e-02,-2.181229285252574840e-02,-2.863056384362919898e-02,-3.565705655449682293e-02,-4.277242935770102228e-02,-4.986652680247270070e-02,-5.684970395073379174e-02,-6.364218469423267577e-02,-7.013254263113034848e-02,-7.638083112824767262e-02
1.067807402661248746e-02,9.516820668045563800e-03,8.307044682347180034e-03,7.078392628047347826e-03,5.772361992815034336e-03,4.285157115377505668e-03,2.393669804908603056e-03,-4.158843796461262135e-04,-4.313384982452823056e-03,-9.375650982067010308e-03,-1.519619924036736194e-02,-2.161313937509876451e-02,-2.841144682312050918e-02,-3.543226913470569339e-02,-4.254866536625624002e-02,-4.964887352603702952e-02,-5.664153309177157036e-02,-6.344607794369111486e-02,-6.994784958191883895e-02,-7.621290427136206969e-02
8.997167171202618413e-03,8.022564815161118551e-03,7.008020003812111438e-03,5.978559839186057927e-03,4.882764674647320155e-03,3.626677403874812959e-03,1.985288911977098423e-03,-5.742278929166522551e-04,-4.287133407027048614e-03,-9.242016548791998423e-03,-1.500076315633751788e-02,-2.139141812105668089e-02,-2.817708128273034227e-02,-3.519665901520398904e-02,-4.231679430060944491e-02,-4.942501173757227195e-02,-5.642863770657038230e-02,-6.324618530059918087e-02,-6.976073519742857776e-02,-7.604267590077030958e-02
7.787792491524397551e-03,6.949522998819780868e-03,6.077645467140528092e-03,5.193956096026419895e-03,4.252611225969460049e-03,3.168765078078325092e-03,1.719294528198859551e-03,-6.401491696695616167e-04,-4.203091503635369465e-03,-9.071689709979411168e-03,-1.478302249126093280e-02,-2.115507477354005086e-02,-2.793314446610470694e-02,-3.495424823435335643e-02,-4.207986978517592319e-02,-4.919731326637358931e-02,-5.621283775098541435e-02,-6.304394930045946477e-02,-6.957189501022575939e-02,-7.587104764748718588e-02
6.985831754082546044e-03,6.240374255713460744e-03,5.465908023046327224e-03,4.682051810943190645e-03,3.847083124097424884e-03,2.884305236070605107e-03,1.574954633191027976e-03,-6.303485427914545542e-04,-4.074460844613101047e-03,-8.874907607123802208e-03,-1.454970155394648065e-02,-2.090845848579815647e-02,-2.768266158583854858e-02,-3.470711082769041556e-02,-4.183948572120153170e-02,-4.896703107473310279e-02,-5.599508330940955458e-02,-6.284011089666546868e-02,-6.938163446465728246e-02,-7.569843714355266318e-02
6.549188595279151551e-03,5.857673777123198998e-03,5.140354487603227517e-03,4.415516677121681180e-03,3.644155868181509373e-03,2.756656624491006340e-03,1.540069329435428836e-03,-5.545156854361618214e-04,-3.908992282635819285e-03,-8.657780149587658569e-03,-1.430454991571005786e-02,-2.065386386482964687e-02,-2.742718426138506665e-02,-3.445627189833216225e-02,-4.159645210747184990e-02,-4.873481892480164418e-02,-5.577586982518923514e-02,-6.263505304283707720e-02,-6.919008291950007328e-02,-7.552502544260580875e-02
6.455044621578772887e-03,5.781322047220764822e-03,5.083816306026208397e-03,4.380209131534042698e-03,3.632841446949865941e-03,2.778080179433696246e-03,1.609470710833303024e-03,-4.168110800690987623e-04,-3.710369477172220393e-03,-8.423525774798103563e-03,-1.404939860876031586e-02,-2.039237553948252193e-02,-2.716741861507826136e-02,-3.420217801643357647e-02,-4.135114115378003136e-02,-4.850099658546763726e-02,-5.555544878452216284e-02,-6.242898019121098652e-02,-6.899727107571856921e-02,-7.535088652538295129e-02
6.698469886300415302e-03,6.007299421976963587e-03,5.293291012138051296e-03,4.574209965321057551e-03,3.812367230922234559e-03,2.949022868914983730e-03,1.784330332313162435e-03,-2.165738202706673230e-04,-3.478874359491925233e-03,-8.173077614976051800e-03,-1.378470208753615825e-02,-2.012430343585517797e-02,-2.690354686874951023e-02,-3.394493465230236789e-02,-4.110365856064053525e-02,-4.826568073045379298e-02,-5.533392904460968792e-02,-6.222200791526659447e-02,-6.880318461324416712e-02,-7.517605228975735021e-02
7.292109038973867280e-03,6.547396470989729454e-03,5.779724401891129723e-03,5.007658444306143861e-03,4.192060874030088813e-03,3.278028636272330501e-03,2.072046760346312518e-03,5.152817786198077093e-05,-3.211526342374069337e-03,-7.905230974388648829e-03,-1.350971590757082778e-02,-1.984933707152883656e-02,-2.663535256515668290e-02,-3.368439810886106334e-02,-4.085390916344554951e-02,-4.802883496525951063e-02,-5.511131132583015069e-02,-6.201419695552308486e-02,-6.860785522605594711e-02,-7.500053378293472517e-02
8.266871039872739080e-03,7.429871623968249683e-03,6.568629660686524895e-03,5.703331550485188535e-03,4.791883946594620650e-03,3.782215755303271112e-03,2.486647645154939270e-03,3.978422753477967857e-04,-2.901748884728505735e-03,-7.616375362176242871e-03,-1.322234803322194785e-02,-1.956645463280687336e-02,-2.636218374680525389e-02,-3.342015049246940817e-02,-4.060158064665756600e-02,-4.779025753278672017e-02,-5.488747108083064097e-02,-6.180554471278551509e-02,-6.841150952993903245e-02,-7.482430111006416196e-02
9.673708299333639085e-03,8.701122567183949483e-03,7.701628181651804135e-03,6.698047956273660460e-03,5.643690896226621380e-03,4.488389706458382859e-03,3.049768915995042413e-03,8.386308681410343602e-04,-2.538502846747748946e-03,-7.299747153024747914e-03,-1.291862602401469377e-02,-1.927354489360923878e-02,-2.608272485686349493e-02,-3.315133943487802437e-02,-4.034603421850915805e-02,-4.754949843319995068e-02,-5.466208444054942300e-02,-6.159592972798647037e-02,-6.821475319949621419e-02,-7.464721702235410650e-02
1.158677914061372397e-02,1.042866247024938631e-02,9.239193805086384423e-03,8.045165884569998802e-03,6.793467726996190760e-03,5.435031434336717523e-03,3.792440925659312009e-03,1.397749991310171750e-03,-2.104679246181723369e-03,-6.944003435029443699e-03,-1.259159967280424307e-02,-1.896659804421767237e-02,-2.579446306093396632e-02,-3.287630318253966649e-02,-4.008604699889470324e-02,-4.730566407140543439e-02,-5.443446704838261763e-02,-6.138498219899291009e-02,-6.801871128534747735e-02,-7.446891972578828511e-02
1.410868182163227055e-02,1.270607917776778867e-02,1.126525569563981664e-02,9.818800247069181877e-03,8.305142312685620185e-03,6.675721981655548427e-03,4.758219541044667565e-03,2.109620920780186024e-03,-1.574284097013946152e-03,-6.530683969793551688e-03,-1.222928795780278688e-02,-1.863813916554204683e-02,-2.549257978167689467e-02,-3.259178644058994406e-02,-3.981926645514360236e-02,-4.705700479035922895e-02,-5.420325007567499548e-02,-6.117181390878202729e-02,-6.782496308340761615e-02,-7.428865052292350779e-02
1.737929074805908899e-02,1.566148002954564217e-02,1.389511361416124503e-02,1.212114825554083675e-02,1.026728306290740876e-02,8.285251225633481070e-03,6.008849895105491598e-03,3.024611421128825355e-03,-9.074118654781857581e-04,-6.029651303366041944e-03,-1.181085267849593320e-02,-1.827419803725338285e-02,-2.516767010712285882e-02,-3.229129278325184454e-02,-3.954103888938133998e-02,-4.680003306376755851e-02,-5.396571042905463911e-02,-6.095445436754842738e-02,-6.763497622745817672e-02,-7.410499988928413717e-02
2.159143641617745912e-02,1.947261508860200982e-02,1.728977929127250776e-02,1.509591859340507838e-02,1.280554204832054857e-02,1.037112612918925959e-02,7.635038860187891643e-03,4.219229847909390825e-03,-4.084564817881661594e-05,-5.390559348581805410e-03,-1.129925041033750903e-02,-1.784826714628980418e-02,-2.480095339598923157e-02,-3.196150439043458913e-02,-3.924178404066175352e-02,-4.652754845069439343e-02,-5.371629953836926791e-02,-6.072863467977197144e-02,-6.744850690344203481e-02,-7.391545469798313506e-02
2.701857481011496476e-02,2.439404491144421538e-02,2.168219194509157788e-02,1.895328261664321404e-02,1.610617019894614380e-02,1.309568092656577913e-02,9.777372441236897166e-03,5.815909277146387620e-03,1.130109732271996964e-03,-4.526326261588549220e-03,-1.062671475059142646e-02,-1.730895425270763399e-02,-2.435407619522340916e-02,-3.157436192548328940e-02,-3.890099481977677548e-02,-4.622411226296579273e-02,-5.344331524743983763e-02,-6.048515269923299825e-02,-6.726007267903276465e-02,-7.371544368413111836e-02
3.404574558070358470e-02,3.079138438842795450e-02,2.741262907859262285e-02,2.400558433100517461e-02,2.045154228724708340e-02,1.671122283700887667e-02,1.266103059016550347e-02,8.016877427600804101e-03,2.783488436816643381e-03,-3.283534586350579914e-03,-9.668050301913059738e-03,-1.655650721192250541e-02,-2.374909060022526927e-02,-3.107103161119176282e-02,-3.847484081721254390e-02,-4.585680923322159319e-02,-5.312235051509986428e-02,-6.020514989977503867e-02,-6.705299147254505099e-02,-7.349695716181881000e-02
4.302281190958263252e-02,3.902957928996503983e-02,3.484050139658949330e-02,3.059993864595636492e-02,2.617217733399380616e-02,2.153013957517838778e-02,1.658205689478031708e-02,1.110350107021368035e-02,5.178895655272044291e-03,-1.428433788241474049e-03,-8.223344818998329711e-03,-1.542454550204301091e-02,-2.285125500303678350e-02,-3.034776508369900136e-02,-3.788575331710002797e-02,-4.536903857680454205e-02,-5.271398959281960866e-02,-5.986100485698827439e-02,-6.679910620418408329e-02,-7.325331158230294348e-02
5.262974348348033182e-02,4.800455056005949184e-02,4.302768019130493587e-02,3.795266580960629521e-02,3.263556596064754595e-02,2.706774714484451103e-02,2.119665490544955094e-02,1.485685251711747756e-02,8.191088439380479064e-03,9.785885703043014673e-04,-6.313648668692778930e-03,-1.391321964059934364e-02,-2.165401355890946705e-02,-2.940248090810265377e-02,-3.714013240168208274e-02,-4.477788865551388803e-02,-5.224561191050194203e-02,-5.948767205532136393e-02,-6.652166684198322633e-02,-7.302853726357948216e-02
