1.704367328936907122e-01,1.645259654539095451e-01,1.482861793068727674e-01,1.298466119391338269e-01,1.099796776841358986e-01,8.843121077757631898e-02,6.539416210199398838e-02,4.037124452700525251e-02,1.311014026358665006e-02,-1.663000842413204367e-02,-4.786179131849789548e-02,-7.948796810238839550e-02,-1.104716770816858290e-01,-1.401337919137164989e-01,-1.679622343464808876e-01,-1.935683335797856175e-01,-2.168167314735549578e-01,-2.376657180117589530e-01,-2.562959767019017954e-01,-2.726426546751297142e-01
1.201760348619824864e-01,1.064032596546027887e-01,8.902138666742123729e-02,7.152751659832361220e-02,5.389372491927158643e-02,3.570916293910354061e-02,1.713522817413680802e-02,-2.392566772409184406e-03,-2.342580107635879386e-02,-4.676225279297740317e-02,-7.182312522542698419e-02,-9.765170744079448850e-02,-1.232821427284412491e-01,-1.482299040866412454e-01,-1.721864965032720296e-01,-1.949206929334565130e-01,-2.163071346590850486e-01,-2.361313634719037768e-01,-2.543267171790865033e-01,-2.705881367391907988e-01
7.735293714552698985e-02,6.522516181043964967e-02,5.335950027808195051e-02,4.196894256434009068e-02,3.068471379757618453e-02,1.900457474336101835e-02,6.942346219318155064e-03,-6.241678146391481906e-03,-2.148868528144556519e-02,-4.024676857782780864e-02,-6.245160158471549372e-02,-8.718081967928513476e-02,-1.131606506347570262e-01,-1.394627292066437652e-01,-1.651835611918322788e-01,-1.895639730812314905e-01,-2.121630294095227243e-01,-2.327071749451893323e-01,-2.512830148340092218e-01,-2.677855026127637372e-01
4.584166382065030937e-02,3.625816456646598768e-02,2.740908162494423705e-02,1.845264776940015033e-02,9.243459480497038736e-03,-5.403484404441266566e-04,-1.080017793687384174e-02,-2.212978852386777648e-02,-3.543261692002493829e-02,-5.230209032741565262e-02,-7.279752787743390408e-02,-9.578543685825269272e-02,-1.197310102085348688e-01,-1.436971213317460305e-01,-1.669886900432735188e-01,-1.892064040471945485e-01,-2.102187248342967663e-01,-2.298353264991691569e-01,-2.480418230882747155e-01,-2.645541523429616459e-01
2.254260111678313416e-02,1.495951795184784043e-02,8.144462131626822171e-03,1.234042419599514287e-03,-5.722917240676750339e-03,-1.296803222021430772e-02,-2.041869693900662946e-02,-2.863153814805323091e-02,-3.858293098106087976e-02,-5.216213370380661657e-02,-6.989497839885532027e-02,-9.087642467988163442e-02,-1.136261564502302618e-01,-1.371925580879004847e-01,-1.607088289540940240e-01,-1.835054681831553847e-01,-2.051760188324793788e-01,-2.253392946464986557e-01,-2.439517189802244412e-01,-2.608066357881638209e-01
5.164875935089249283e-03,-8.304306913925786626e-04,-6.081052756359270339e-03,-1.138885465821704371e-02,-1.671284233085479354e-02,-2.230755242241032679e-02,-2.813126225473764480e-02,-3.469061955456402557e-02,-4.294407687384142747e-02,-5.488216934202098246e-02,-7.128069048231884530e-02,-9.124712179176712457e-02,-1.131445886694792263e-01,-1.358895261603264570e-01,-1.585605713434017627e-01,-1.805449664527271625e-01,-2.015669501317727264e-01,-2.213346547872858672e-01,-2.398306921506621614e-01,-2.568165227531516437e-01
-7.762965663351194430e-03,-1.248723480622121983e-02,-1.655204121188232763e-02,-2.066894461124992033e-02,-2.479670525003214304e-02,-2.915092425039095270e-02,-3.367747135066120195e-02,-3.880175694836042466e-02,-4.542229672727162576e-02,-5.556934738328270229e-02,-7.027672691740925737e-02,-8.880552797995015790e-02,-1.095575289218324450e-01,-1.314749472001557618e-01,-1.536458071040279760e-01,-1.754242127185479394e-01,-1.964718341479874120e-01,-2.164024108541818259e-01,-2.351400545824025856e-01,-2.524380502231274859e-01
-1.723945129828016037e-02,-2.096404271022204308e-02,-2.414468700871633122e-02,-2.737763130304007517e-02,-3.061328225243255263e-02,-3.403456720054342383e-02,-3.759049203565338615e-02,-4.165394967615748678e-02,-4.706863035318581412e-02,-5.586051555350565051e-02,-6.926716155276040066e-02,-8.669641560668195357e-02,-1.065696539736074727e-01,-1.277987256207478439e-01,-1.494452120492331115e-01,-1.708380198662076410e-01,-1.916455323460481419e-01,-2.114851800167889817e-01,-2.302893476621163393e-01,-2.478123401552907168e-01
-2.396185665967224404e-02,-2.692327986820640048e-02,-2.945456289852843232e-02,-3.203750129230632793e-02,-3.461675487887959368e-02,-3.735085731308983303e-02,-4.019167649427786426e-02,-4.346192315351493640e-02,-4.793304881509893173e-02,-5.557286462915544262e-02,-6.776242023691933514e-02,-8.407106113132328806e-02,-1.029902211566895431e-01,-1.234490641569065267e-01,-1.445323679616954404e-01,-1.655668917589563915e-01,-1.862158681561700557e-01,-2.060699346887078787e-01,-2.250354872879086754e-01,-2.428466781173073963e-01
-2.841184644286603306e-02,-3.081666876760288248e-02,-3.288361499511665426e-02,-3.500102189178636719e-02,-3.711064091636881446e-02,-3.935138498356644671e-02,-4.167613261415568232e-02,-4.436375932111067538e-02,-4.811042471025554074e-02,-5.479608382908788405e-02,-6.589805904179223128e-02,-8.115656009781795077e-02,-9.916379829634329457e-02,-1.188786855118894870e-01,-1.394128070496637728e-01,-1.600860758851917476e-01,-1.805521386775407744e-01,-2.003881892453409641e-01,-2.194908117863114683e-01,-2.375773710926371018e-01
-3.090320256883118469e-02,-3.293398951127485264e-02,-3.468651662318299883e-02,-3.648839106234486040e-02,-3.828008296774546709e-02,-4.018482039696877339e-02,-4.215526407062481634e-02,-4.443300842911186016e-02,-4.763789038040268375e-02,-5.353841116583363952e-02,-6.365901592324899050e-02,-7.790769941742256566e-02,-9.500229173645165226e-02,-1.139513696185526365e-01,-1.339104546730072731e-01,-1.542052418626877197e-01,-1.744812767362928785e-01,-1.943073182282444022e-01,-2.135689296369626122e-01,-2.319533129303328889e-01
-3.160935824769579849e-02,-3.343144673377148463e-02,-3.499605376737537077e-02,-3.660933702884532764e-02,-3.821134273334513692e-02,-3.991320718304686849e-02,-4.166608406890444372e-02,-4.368011442469561800e-02,-4.649955421396698152e-02,-5.176603143581977318e-02,-6.100742082053955961e-02,-7.429083183577084304e-02,-9.048041301217493726e-02,-1.086543816438433202e-01,-1.280253128431496079e-01,-1.479332496629860438e-01,-1.680126559973665890e-01,-1.878287698998551414e-01,-2.072601726160799851e-01,-2.259559057067987431e-01
-3.057774853006147223e-02,-3.234618078475798297e-02,-3.383563309184069862e-02,-3.537366526552628704e-02,-3.690039492893917167e-02,-3.851815221392753535e-02,-4.017510837376167543e-02,-4.205523302764463400e-02,-4.462932783801833170e-02,-4.940359903263312480e-02,-5.787090310981436031e-02,-7.024151041093323888e-02,-8.553931793722045762e-02,-1.029308552990635672e-01,-1.216985363269101200e-01,-1.412081134265046611e-01,-1.610834113608630158e-01,-1.808926032026940134e-01,-2.005112742754053268e-01,-2.195411911260055637e-01
-2.773395811429467742e-02,-2.960011543994989919e-02,-3.112200440656926262e-02,-3.269287224082042392e-02,-3.425337563545989561e-02,-3.590006574346348706e-02,-3.757646579468622294e-02,-3.944519485369345907e-02,-4.190657152247444922e-02,-4.632861941514501702e-02,-5.413667709104179326e-02,-6.566223716960455092e-02,-8.009515340921818938e-02,-9.670705500562447321e-02,-1.148628856428756118e-01,-1.339667777856848874e-01,-1.536346955304837558e-01,-1.734440627240292909e-01,-1.932713293793496823e-01,-2.126647119569175515e-01
-2.287681044033442607e-02,-2.499430848967395744e-02,-2.665920368124681875e-02,-2.837365965366813597e-02,-3.007965493657658099e-02,-3.187078845882464900e-02,-3.368406156306219534e-02,-3.566517007509168585e-02,-3.814738001759960390e-02,-4.236270275739768137e-02,-4.964285778121222542e-02,-6.041405661146567047e-02,-7.403055561951518704e-02,-8.988200471301149852e-02,-1.074280998495987655e-01,-1.261251770795225602e-01,-1.455882113449526727e-01,-1.654109643156280451e-01,-1.854743179225258887e-01,-2.052710796152583117e-01
-1.566455232046861171e-02,-1.819368503351730462e-02,-2.012350308551798250e-02,-2.210305123014859319e-02,-2.407713583398031140e-02,-2.613908530944458394e-02,-2.821724754412540878e-02,-3.044448316916000333e-02,-3.309064201020871926e-02,-3.725816124840483634e-02,-4.416571984137453860e-02,-5.430512990069429752e-02,-6.718574940241926752e-02,-8.232212154818834005e-02,-9.927920674386070399e-02,-1.175795952896668828e-01,-1.368489697712081954e-01,-1.567060231813041937e-01,-1.770396500597040956e-01,-1.972926624327034084e-01
-5.591768282688722690e-03,-8.701082961382892306e-03,-1.103820481112786911e-02,-1.342387385005088841e-02,-1.580844281982762486e-02,-1.828762676596447020e-02,-2.077869801974581085e-02,-2.340528877031869057e-02,-2.637711573430165379e-02,-3.067678627875029818e-02,-3.739704055869135652e-02,-4.706608684399975207e-02,-5.933290092667684729e-02,-7.383702286005476567e-02,-9.025668634098123200e-02,-1.081941523888356321e-01,-1.273015923021788565e-01,-1.472314847694838058e-01,-1.678819638784768142e-01,-1.886594957633730418e-01
8.043334504678683466e-03,4.181163118574117432e-03,1.263769775919166899e-03,-1.698465355097939465e-03,-4.665667475497705524e-03,-7.738695146510578271e-03,-1.082161546077863197e-02,-1.403268225705974794e-02,-1.752446658839893617e-02,-2.217168953726419631e-02,-2.893315496565078415e-02,-3.834462435169749828e-02,-5.017272345953753543e-02,-6.417291647387601827e-02,-8.013988229602132807e-02,-9.776873259158860852e-02,-1.167616386248255950e-01,-1.368205862594274458e-01,-1.578562178596054355e-01,-1.792613542398899529e-01
2.618063033785062582e-02,2.140392085739896769e-02,1.769241943784338050e-02,1.394262000905830551e-02,1.017901826272204872e-02,6.294576998326105455e-03,2.401800679906666933e-03,-1.616382817633853393e-03,-5.859755628230036914e-03,-1.111170649890610117e-02,-1.819695272363643437e-02,-2.763574755046404111e-02,-3.928852440107956367e-02,-5.300835890559598557e-02,-6.869788093789171157e-02,-8.614585859275500357e-02,-1.051197144565458874e-01,-1.253814818378770901e-01,-1.468569128326849826e-01,-1.689704766036906614e-01
5.004501972241751778e-02,4.423772268417031084e-02,3.947102425284436389e-02,3.467401658659013258e-02,2.984378448351678731e-02,2.486507824941180597e-02,1.987461628388308491e-02,1.475863611787794211e-02,9.472271284781138764e-03,3.310316518840902746e-03,-4.419145121292362630e-03,-1.420299085698151047e-02,-2.597622187624288453e-02,-3.967565772975955446e-02,-5.531194279938496383e-02,-7.278269303547701963e-02,-9.195346634237311356e-02,-1.126656612018854670e-01,-1.348442047336906036e-01,-1.579498312067265375e-01
8.118652887796677653e-02,7.434447306497125874e-02,6.821401881590401228e-02,6.207313847224481262e-02,5.587796615041793619e-02,4.948571822530520997e-02,4.305061831350691370e-02,3.645590261183130620e-02,2.971009647243996049e-02,2.217357495814194918e-02,1.329023615266475972e-02,2.634449605480135726e-03,-9.761555264970541920e-03,-2.386636134238643431e-02,-3.974796923318720671e-02,-5.737758356819303018e-02,-7.672301345830141728e-02,-9.774878198560443820e-02,-1.204593609127495857e-01,-1.445156709928307470e-01
1.214659460399678537e-01,1.138432976866938645e-01,1.059839066874916913e-01,9.809533945225407114e-02,9.015488234697620340e-02,8.199522140554883765e-02,7.378409412817943380e-02,6.539113460770316910e-02,5.686248253361448485e-02,4.758678909725689438e-02,3.710648093372369977e-02,2.502867684428193920e-02,1.132521071696431132e-02,-4.028531272100951272e-03,-2.117491703210570494e-02,-4.015746970825914003e-02,-6.100903790988344844e-02,-8.370590066234707971e-02,-1.081176798640391401e-01,-1.338708896593976683e-01
1.726550072050906381e-01,1.652422633630430404e-01,1.556717210781165817e-01,1.457223704117238672e-01,1.355369308182017285e-01,1.249833237612280878e-01,1.142843830134067790e-01,1.033427187218493304e-01,9.229518600543716589e-02,8.060902904904605759e-02,6.798255822723985042e-02,5.413386430032172264e-02,3.906263659610327565e-02,2.277259640564529078e-02,5.101349419622914355e-03,-1.408985426265818401e-02,-3.505183274586715081e-02,-5.809143275861344824e-02,-8.341194772169110982e-02,-1.111087917617869653e-01
2.333193126084581182e-01,2.277438180384149247e-01,2.179290611851764092e-01,2.071346204942375591e-01,1.956341768073005527e-01,1.832890483591549657e-01,1.703130644054478837e-01,1.565746624569739343e-01,1.422285768743588030e-01,1.267545717734341604e-01,1.099332113213537798e-01,9.154016687377884709e-02,7.158544563739865918e-02,5.014751614904669474e-02,2.720553897067858051e-02,2.835714674067396114e-03,-2.293555922033804415e-02,-5.007345915478063347e-02,-7.835142948814287356e-02,-1.076906048515868242e-01
2.864098500420780846e-01,2.814480324075154249e-01,2.732222331767357737e-01,2.642478557758708990e-01,2.544909101226234815e-01,2.437080450796337561e-01,2.320676728800106503e-01,2.193822506514842841e-01,2.057843549933616734e-01,1.907414398039981585e-01,1.740650131550965929e-01,1.555128782171726343e-01,1.349894566061442813e-01,1.124426421640843110e-01,8.770919603928678532e-02,6.068928640522098378e-02,3.122884516884506800e-02,-7.828221781518947871e-04,-3.508999453320787998e-02,-7.148682644751523652e-02
