4.787478541850049597e-03
2.744542940569540471e-02
1.543009588268774435e-01
8.437814267729836226e-01
4.516329903432438009e+00
2.292602645819876628e+01
1.043685428821704448e+02
3.627014342330375030e+02
8.898721351823760415e+02
1.631372615853377965e+03
2.493811004565798157e+03
3.381627897477397710e+03
4.248262172039728284e+03
5.065562664732010489e+03
5.818720208885867578e+03
6.499813273542948082e+03
7.111439066921057929e+03
7.658358260170994072e+03
8.147230911990531240e+03
8.583813208434687112e+03
