-8.282820349352288183e-03,-7.414587755035602877e-03,-6.499026379007970602e-03,-5.577328527121925422e-03,-4.614689125888376056e-03,-3.620445049500061515e-03,-2.571108407208063610e-03,-1.474608555811132661e-03,-3.472211492515633532e-04,8.134327500596632513e-04,1.987151756230565516e-03,3.172803927777727122e-03,4.364513585606640857e-03,5.560318800215384265e-03,6.757173995655816473e-03,7.953709579039913019e-03,9.152265573405567525e-03,1.035553308176102340e-02,1.155964200956592636e-02,1.276878421549341655e-02
-6.688982667385488454e-03,-5.967815601215241232e-03,-5.219915839701812742e-03,-4.466082697098136718e-03,-3.673401754910987204e-03,-2.844924410702491090e-03,-1.949937693110749895e-03,-9.884957017904758177e-04,2.299810937812844070e-05,1.088464957485308195e-03,2.181708367617612217e-03,3.300240382934578869e-03,4.435087858774839319e-03,5.583017528806567126e-03,6.739111316009268986e-03,7.901096084630599217e-03,9.070335745639529837e-03,1.024943096126957817e-02,1.143367895664395596e-02,1.262689272113284682e-02
-5.260565899412684987e-03,-4.688245863651413145e-03,-4.096942821660190526e-03,-3.499568797438242819e-03,-2.866737011714289539e-03,-2.196073420871804630e-03,-1.450392629506228829e-03,-6.198368222472116357e-04,2.807168631324029806e-04,1.256085162496323139e-03,2.274294162037651581e-03,3.330975205399834202e-03,4.413771995669633040e-03,5.518247013990321484e-03,6.637398452170727159e-03,7.768164026784164441e-03,8.911196641482051206e-03,1.006867584868980335e-02,1.123543189362837674e-02,1.241476604725107354e-02
-4.175574266302625390e-03,-3.721264033518570900e-03,-3.252291865632858398e-03,-2.777709025037251520e-03,-2.271891649821019751e-03,-1.728852731027922347e-03,-1.107091307930034921e-03,-3.868081559602157033e-04,4.205199458415589953e-04,1.320012294498066740e-03,2.275472071850521798e-03,3.280421161290143512e-03,4.319562209238524825e-03,5.387576302811628026e-03,6.475529579300300272e-03,7.579823818269634632e-03,8.700782503222837319e-03,9.840061469709289466e-03,1.099232834024690617e-02,1.216037397400389179e-02
-3.356941553883783895e-03,-2.993834682624072624e-03,-2.619268994412075370e-03,-2.239855096153037586e-03,-1.833544555413677175e-03,-1.392261008151173202e-03,-8.722475798877209977e-04,-2.447901365884780421e-04,4.834543396136807883e-04,1.317713846583361010e-03,2.219192697934271180e-03,3.179216878253475487e-03,4.180115284902221479e-03,5.216016724482733756e-03,6.276227125958796019e-03,7.356835014931577613e-03,8.458083807884871769e-03,9.581178993991220152e-03,1.072077331475676173e-02,1.187916702022258006e-02
-2.736007577278216051e-03,-2.443703989070449001e-03,-2.142368560181501843e-03,-1.837003638423219051e-03,-1.508785923463009304e-03,-1.148661821545888216e-03,-7.123083252247588374e-04,-1.637029426455106115e-04,4.961492892832437178e-04,1.272712347264468979e-03,2.126104597874309277e-03,3.045490004844139936e-03,4.011416304578899715e-03,5.017753167892003915e-03,6.052195348510011445e-03,7.110716367316427707e-03,8.193578581438926492e-03,9.301695543357990995e-03,1.042976859861858598e-02,1.157959701131246535e-02
-2.267589787862781935e-03,-2.030303392964210012e-03,-1.785801044719230110e-03,-1.538032143732481804e-03,-1.270988938844208778e-03,-9.754065513434592282e-04,-6.076831649171104879e-04,-1.263384937733236972e-04,4.735445664961914869e-04,1.197978891918103760e-03,2.007373819268011301e-03,2.888866241033741927e-03,3.821838716708260159e-03,4.800132208769628678e-03,5.809977603410634850e-03,6.847417656963640346e-03,7.912708245278994232e-03,9.006660722836470900e-03,1.012404985362919813e-02,1.126612906270186600e-02
-1.921739607045820728e-03,-1.726917058897578343e-03,-1.526228790992700509e-03,-1.322941523150795908e-03,-1.103447669132259822e-03,-8.587780978216142357e-04,-5.469715671920901074e-04,-1.229542596278951534e-04,4.239084895824709394e-04,1.100560563222247913e-03,1.868926864911543131e-03,2.714332241028957499e-03,3.615646239470808338e-03,4.566822205078768966e-03,5.552808070181338394e-03,6.569882136579438710e-03,7.618183598374213619e-03,8.698608418739109394e-03,9.806013476144600019e-03,1.094104216870036422e-02
-1.678131911045129118e-03,-1.515557344795067556e-03,-1.348117352100899891e-03,-1.178645001684911842e-03,-9.955383673788589100e-04,-7.904484361994542881e-04,-5.236633512478898814e-04,-1.482498663242836148e-04,3.515764883439304348e-04,9.840562459557610463e-04,1.713679906622370347e-03,2.524240117013891709e-03,3.394788533258383343e-03,4.319424389736030434e-03,5.282061877831917621e-03,6.279350380625418719e-03,7.311164092466339477e-03,8.378638236311837170e-03,9.476720067284666663e-03,1.060537889024131854e-02
-1.523139206821443612e-03,-1.384309923833281592e-03,-1.241351598721413723e-03,-1.096835698061710213e-03,-9.408035936362243090e-04,-7.657272964180914703e-04,-5.345035297441686449e-04,-1.998650498602136394e-04,2.583056981992683265e-04,8.498373039054148191e-04,1.542635011530216985e-03,2.319295788434814695e-03,3.159784105771362272e-03,4.058269383101814794e-03,4.997975898311452989e-03,5.976014126186113620e-03,6.991855268655676643e-03,8.046967945594686242e-03,9.136413489741718880e-03,1.025943857745861137e-02
-1.448320531582612900e-03,-1.325972571846306767e-03,-1.200029745184487710e-03,-1.072926416615435597e-03,-9.360193900152127908e-04,-7.827226077113726707e-04,-5.787061119228082730e-04,-2.776523866891249248e-04,1.439284239844862813e-04,6.976357103782092166e-04,1.355411433917517528e-03,2.099045310986186793e-03,2.910155993292044743e-03,3.782817548443459434e-03,4.700015821116217650e-03,5.659355768373373202e-03,6.659822518098750671e-03,7.703226351156593904e-03,8.784798043053463484e-03,9.903036089390663751e-03
-1.449644992184568378e-03,-1.337367033958710739e-03,-1.221868495190364494e-03,-1.105543727345264593e-03,-9.807689121323242328e-04,-8.419719233680161147e-04,-6.576121801822057628e-04,-3.833604666031500139e-04,6.630578405492615731e-06,5.257907889141809907e-04,1.150472316309389745e-03,1.862091009837643467e-03,2.644629468468084974e-03,3.491850632644293191e-03,4.387058140995175708e-03,5.328324634764866272e-03,6.314156283517721041e-03,7.346610296272533362e-03,8.421187672650416386e-03,9.535634542631756666e-03
-1.527143258769765501e-03,-1.419044128484316016e-03,-1.307965081166798235e-03,-1.196345119270123209e-03,-1.077310155350074327e-03,-9.463472409937332677e-04,-7.746085636543413892e-04,-5.205614011576689378e-04,-1.569966070460525982e-04,3.312856848454469641e-04,9.251616200046635773e-04,1.606137681838423715e-03,2.361182779461877285e-03,3.183536396306683915e-03,4.057461330115494889e-03,4.981417206916098975e-03,5.953549893156724615e-03,6.975963016544001367e-03,8.044582143369923347e-03,9.156408296031971067e-03
-1.684856577450391957e-03,-1.575263590869544188e-03,-1.462809510327293472e-03,-1.350063013530426216e-03,-1.230649703941507625e-03,-1.101150371373063337e-03,-9.352280134084029395e-04,-6.947496682759951277e-04,-3.520654430265897361e-04,1.096320682173279826e-04,6.756006275842446054e-04,1.327910114348458291e-03,2.056988537440189186e-03,2.855400259416155349e-03,3.709058052420970662e-03,4.616690831299691961e-03,5.576318665292556535e-03,6.589801827243488286e-03,7.653698763553042420e-03,8.764268357363580106e-03
-1.931037531630183700e-03,-1.814208216124066006e-03,-1.694511841695271314e-03,-1.574745045161506053e-03,-1.448795174109499071e-03,-1.314372771976324511e-03,-1.147404437905210446e-03,-9.135866428948448675e-04,-5.856367253900464798e-04,-1.453746920994482890e-04,3.964610517275618203e-04,1.022954101940171112e-03,1.728256255399638567e-03,2.504213552954982509e-03,3.339078631506304812e-03,4.231721310039500937e-03,5.180372925992849167e-03,6.186308918362705064e-03,7.246974823451603556e-03,8.357869096181367100e-03
-2.278606159361651774e-03,-2.148437950404778318e-03,-2.015251955083653679e-03,-1.882199514713533929e-03,-1.743195915524801921e-03,-1.597128704906716073e-03,-1.421889893574237789e-03,-1.187295694164664005e-03,-8.671036042399347075e-04,-4.420312654288171194e-04,8.061126324134050059e-05,6.853149905313365509e-04,1.369968627837280482e-03,2.125791338078473775e-03,2.944001293189633505e-03,3.823502097651912922e-03,4.763147433100773688e-03,5.763290417604957465e-03,6.822547689718749982e-03,7.935606239729654093e-03
-2.745909736397131578e-03,-2.595632091091604806e-03,-2.441999327894700794e-03,-2.288692618251968441e-03,-2.129417149018376400e-03,-1.964304509492225369e-03,-1.772872481332764000e-03,-1.529243260245750956e-03,-1.208745347641232209e-03,-7.912591704472143883e-04,-2.813889503873331054e-04,3.070697125508435078e-04,9.754860698969084832e-04,1.714675565872596100e-03,2.519309588479174637e-03,3.388270752016381109e-03,4.321480388887423071e-03,5.318101952712101475e-03,6.378213996061481324e-03,7.495610268254958818e-03
-3.357901289686400677e-03,-3.179732037267501369e-03,-2.997611815519475587e-03,-2.816002680504366140e-03,-2.628148490869622149e-03,-2.435519883723403622e-03,-2.218884846443583587e-03,-1.956789028633204759e-03,-1.626526578216836057e-03,-1.207361294155820256e-03,-7.020045963851439565e-04,-1.223414354370187579e-04,5.359662149461445670e-04,1.263653471718342988e-03,2.059114963774554431e-03,2.921231411228596576e-03,3.851422874185955574e-03,4.847531386487085800e-03,5.911365812076870181e-03,7.035736853173292331e-03
-4.147983298441672469e-03,-3.932724013808420842e-03,-3.712544690249680677e-03,-3.493053853548337782e-03,-3.266759764153591688e-03,-3.036603597106125527e-03,-2.784193927895939249e-03,-2.492583384558436782e-03,-2.141306505371523648e-03,-1.709150658360607125e-03,-1.197784584946883597e-03,-6.170997772531157865e-04,3.948982710012891305e-05,7.630120345744003958e-04,1.555560724092291871e-03,2.416110538773138475e-03,3.347937572195827660e-03,4.347617640549655653e-03,5.418899107922426663e-03,6.553557771014822085e-03
-5.161044969647266174e-03,-4.897574005508657791e-03,-4.627664783913039599e-03,-4.358605317579248260e-03,-4.081859748011324070e-03,-3.802017263078535502e-03,-3.501081526355581154e-03,-3.166696105337610256e-03,-2.780814923019096861e-03,-2.321777566598949745e-03,-1.791055404092841384e-03,-1.196567274604295409e-03,-5.303365302269225480e-04,1.993254004517103998e-04,9.978366441725030917e-04,1.864415356046994531e-03,2.804398866785470703e-03,3.813359232572623159e-03,4.897084235429375113e-03,6.046362083734781699e-03
-6.458794114668755734e-03,-6.133386953132390074e-03,-5.799209011656996163e-03,-5.465999047392192632e-03,-5.123820947146574128e-03,-4.779146338619416103e-03,-4.413886762677761769e-03,-4.020395281316578064e-03,-3.583158300482799149e-03,-3.079957042499303910e-03,-2.512881868544622303e-03,-1.887979853233273881e-03,-1.196791178612488732e-03,-4.466477423149740780e-04,3.704512151480356661e-04,1.254119177957903992e-03,2.211703389914869249e-03,3.238204965529233557e-03,4.341365899328947058e-03,5.511183712659844559e-03
-8.129116134272213606e-03,-7.724543657223203325e-03,-7.307622211270575416e-03,-6.891671655311378333e-03,-6.464935614075233150e-03,-6.036071212566222061e-03,-5.586359872319705995e-03,-5.113049790741699269e-03,-4.603241162395698555e-03,-4.033880311152775525e-03,-3.408460426008016065e-03,-2.731311611675430514e-03,-1.994360460236275015e-03,-1.203719721699421808e-03,-3.498682193609677906e-04,5.672778236167065570e-04,1.556640226647187757e-03,2.613118251139246329e-03,3.746016976801109632e-03,4.944880900471278727e-03
-1.029648551932582472e-02,-9.791480179562467301e-03,-9.268383343133082541e-03,-8.745930792078426136e-03,-8.210054483304668471e-03,-7.671973769951734648e-03,-7.111746558179279226e-03,-6.531787303006839074e-03,-5.921893269795121262e-03,-5.257714192998141911e-03,-4.544908049333416973e-03,-3.786289712171519647e-03,-2.974929109004561308e-03,-2.115593913812052317e-03,-1.198517099323634892e-03,-2.232584344210575538e-04,8.197284635870050835e-04,1.925474774311831602e-03,3.103980029964014450e-03,4.344691829529612886e-03
-1.307329540190379710e-02,-1.244663620917031699e-02,-1.179250625809537614e-02,-1.113772978144365530e-02,-1.046540359435079934e-02,-9.789701123581094622e-03,-9.088836779894521670e-03,-8.370666804365630223e-03,-7.627751732099066588e-03,-6.833857349334829766e-03,-5.997507230582851435e-03,-5.120313111746053851e-03,-4.197073746993055902e-03,-3.231313959763408919e-03,-2.214364849191362110e-03,-1.145907330301053264e-03,-1.730652512727842609e-05,1.166226650453919267e-03,2.413928801341531406e-03,3.715302787489658306e-03
-1.603630096292404592e-02,-1.529388705459958260e-02,-1.451311656302976816e-02,-1.372873153400970027e-02,-1.292078595507636062e-02,-1.210627843759759167e-02,-1.126120548695680977e-02,-1.039834622129785259e-02,-9.512629924404858092e-03,-8.575693439855100811e-03,-7.599003140863125859e-03,-6.583525205528908790e-03,-5.525930228487760040e-03,-4.429088145952929725e-03,-3.286416684031268597e-03,-2.098607295452057514e-03,-8.595409906803227161e-04,4.243471945423238139e-04,1.760073496699295645e-03,3.137010700848210602e-03
