1.088633494305154825e-01,9.989033211784212329e-02,8.885452918154897184e-02,7.698036613175539278e-02,6.455236373067042843e-02,5.113813140007221480e-02,3.692932833097338496e-02,2.175719362784135982e-02,5.515411192691977403e-03,-1.142991278886945281e-02,-2.888475146370482818e-02,-4.663732830628963821e-02,-6.443337328561375699e-02,-8.204071999511618196e-02,-9.926007550310900207e-02,-1.158695439687505019e-01,-1.316511184742310270e-01,-1.464570037633675104e-01,-1.601425172363982186e-01,-1.725928961933419215e-01
8.647099990795319158e-02,7.767710805640776206e-02,6.839002980379309260e-02,5.864883175828934647e-02,4.855850014971230255e-02,3.764746706653643304e-02,2.592449498029633995e-02,1.305963534262580446e-02,-1.204920055513819402e-03,-1.650256835617845003e-02,-3.261144805681323589e-02,-4.929604295847594270e-02,-6.626378287581627391e-02,-8.324508769772587247e-02,-1.000057489105201786e-01,-1.162851464297235821e-01,-1.318417358406828443e-01,-1.464970973848641889e-01,-1.600895241497742871e-01,-1.724881195308906601e-01
6.684770082032100158e-02,5.962256246929673043e-02,5.236932362650544709e-02,4.475116628134948038e-02,3.684234245382990436e-02,2.818971723177028307e-02,1.864335922454215394e-02,7.718292660269992188e-03,-4.989475761166047886e-03,-1.910010861907049384e-02,-3.432656292206162640e-02,-5.038008222040030876e-02,-6.690831475225722524e-02,-8.359012486477422621e-02,-1.001492266587830499e-01,-1.162921452949964018e-01,-1.317658484779362371e-01,-1.463713128505146344e-01,-1.599381031108972895e-01,-1.723291023734148109e-01
5.206953758747627503e-02,4.629748655659002982e-02,4.060492366522899105e-02,3.461775391106382965e-02,2.839094182681665968e-02,2.150143415556976870e-02,1.367994472273813787e-02,4.295317758272832430e-03,-7.204786927075589389e-03,-2.044431231983818986e-02,-3.506352006317083742e-02,-5.071303090292275662e-02,-6.698343570126549795e-02,-8.350662082007617726e-02,-9.996926518910534409e-02,-1.160561717136592841e-01,-1.315077357094373567e-01,-1.461106671610731822e-01,-1.596874935810865814e-01,-1.720977182131099015e-01
4.092134901748899212e-02,3.630541018250509067e-02,3.181453941838551652e-02,2.709070074014061080e-02,2.216859843828511076e-02,1.666249371558731207e-02,1.022098352644566083e-02,2.081058386219502773e-03,-8.459501152516210945e-03,-2.104467836790996707e-02,-3.523984586854073814e-02,-5.062925462054228970e-02,-6.675105618689587683e-02,-8.319581905769847519e-02,-9.961916157754163725e-02,-1.156930250334359117e-01,-1.311527079187168321e-01,-1.457760132928631325e-01,-1.593800640620005871e-01,-1.718223299475210020e-01
3.242308969159785059e-02,2.872024966351500661e-02,2.516057361035090381e-02,2.141420598164970809e-02,1.750295307402175218e-02,1.308140412269208873e-02,7.746203895465438895e-03,6.219203627305637744e-04,-9.141735049229151797e-03,-2.122249131491241864e-02,-3.511335360518142573e-02,-5.032975190289857431e-02,-6.636400642074193057e-02,-8.277201486122705287e-02,-9.918464495619394583e-02,-1.152670584843864532e-01,-1.307494006311819557e-01,-1.454039201180912511e-01,-1.590435596237787519e-01,-1.715240846129057195e-01
2.593460502584809396e-02,2.295014647900673124e-02,2.010832836153211151e-02,1.711486291895951417e-02,1.398413066067384289e-02,1.040960546366271298e-02,5.959005904120845756e-03,-3.336519406821387046e-04,-9.460884691286938417e-03,-2.114515092223694104e-02,-3.481298011907573570e-02,-4.991130647761077288e-02,-6.589379276455398227e-02,-8.228794278285336827e-02,-9.870545189106526285e-02,-1.148082575549228823e-01,-1.303210290945496785e-01,-1.450122992947552314e-01,-1.586919356252239344e-01,-1.712139983790737230e-01
2.101976200669547837e-02,1.859337025991425474e-02,1.629901841089593725e-02,1.387999875653632767e-02,1.134634749168865128e-02,8.426902772505172681e-03,4.677536193464193817e-03,-9.362581335561761349e-04,-9.539512067664622161e-03,-2.090769934146864337e-02,-3.440905900659602112e-02,-4.942477180092193917e-02,-6.537693003368684475e-02,-8.177007936528334076e-02,-9.820139113933074038e-02,-1.143313084694652093e-01,-1.298789394502724848e-01,-1.446099194903550933e-01,-1.583319959842759694e-01,-1.708974307623930822e-01
1.736893694074669037e-02,1.536654101524798262e-02,1.348190650777772275e-02,1.149330378306562435e-02,9.408313022326907429e-03,6.986704855354050440e-03,3.784706923108297361e-03,-1.280055477551313159e-03,-9.452182887317426077e-03,-2.056592199016068698e-02,-3.394089653939997425e-02,-4.889736319707795736e-02,-6.483243206381192336e-02,-8.123206901474847030e-02,-9.768263174281358041e-02,-1.138435984053732947e-01,-1.294287752973605488e-01,-1.442011391918121554e-01,-1.579670683612087179e-01,-1.705769354734588128e-01
1.475984226066684793e-02,1.306763141391352294e-02,1.147934592905552539e-02,9.802664591494680488e-03,8.044000723770932879e-03,5.989275825168246734e-03,3.203478742992097589e-03,-1.425147372964930296e-03,-9.245285690404293419e-03,-2.015330557643569068e-02,-3.343082985875331370e-02,-4.834385510480322667e-02,-6.427038100424037337e-02,-8.068113231845663869e-02,-9.715453249652020173e-02,-1.133489198267622206e-01,-1.289733532329164489e-01,-1.437881343705037229e-01,-1.575987776335064927e-01,-1.702536998084955011e-01
1.303632062556397270e-02,1.155561747323238797e-02,1.016794724575198483e-02,8.703132285578753929e-03,7.167379031275124615e-03,5.367928729237544591e-03,2.884087754400301365e-03,-1.409266028223138184e-03,-8.947458265305564123e-03,-1.968990312820335584e-02,-3.289145002018809688e-02,-4.777218749282056975e-02,-6.369607724222609013e-02,-8.012108828528410887e-02,-9.661991190701545162e-02,-1.128492102024847010e-01,-1.285140410433615044e-01,-1.433719764172383393e-01,-1.572279127888936978e-01,-1.699282598005186218e-01
1.209607488420887979e-02,1.073870745021817188e-02,9.467872351064391540e-03,8.127382520521288234e-03,6.724017148455442051e-03,5.081585666267835616e-03,2.797191954026312030e-03,-1.254109380131877144e-03,-8.575318822509383695e-03,-1.918721847697722055e-02,-3.232953881797111934e-02,-4.718645940976946146e-02,-6.311219507454665645e-02,-7.955388972436558404e-02,-9.608020523985276451e-02,-1.123454359699179034e-01,-1.280514666301862114e-01,-1.429531849961142020e-01,-1.568548666095100907e-01,-1.696008594017070215e-01
1.188352504816177040e-02,1.056753892113601254e-02,9.336734014428516720e-03,8.040364830738522608e-03,6.686475562893203287e-03,5.110789221871254139e-03,2.930226441160168477e-03,-9.687433957053159447e-04,-8.136584682966041884e-03,-1.865090249870320419e-02,-3.174824008373863804e-02,-4.658855198647814111e-02,-6.251992830244609833e-02,-7.898042515972264477e-02,-9.553607497898164436e-02,-1.118380581177864652e-01,-1.275858920020274678e-01,-1.425320149977551409e-01,-1.564798561643192532e-01,-1.692716273704674979e-01
1.238615389219988733e-02,1.103173672741217422e-02,9.766559186993132094e-03,8.436695515741330850e-03,7.052123671766626252e-03,5.455872397266854461e-03,3.285737258767597573e-03,-5.511844220271564128e-04,-7.631546116729098078e-03,-1.808208930807392312e-02,-3.114817374690733928e-02,-4.597895729814240051e-02,-6.191957395726573055e-02,-7.840092366282185032e-02,-9.498772221747253663e-02,-1.113272688473353061e-01,-1.271173992966451449e-01,-1.421085932095174920e-01,-1.561030190800233308e-01,-1.689406568092762795e-01
1.363366340327957366e-02,1.215915864185074420e-02,1.078317705964743772e-02,9.340196484295622964e-03,7.842824420591705536e-03,6.136746233939067985e-03,3.881161126668384274e-03,1.134308612283972827e-05,-7.053325013505244712e-03,-1.747772900052169814e-02,-3.052780253250743717e-02,-4.535707090042531697e-02,-6.131075329746711600e-02,-7.781511213224508172e-02,-9.443500909552213218e-02,-1.108130845314749258e-01,-1.266459592199835338e-01,-1.416829608088140402e-01,-1.557244317425882374e-01,-1.686080304284342246e-01
1.569976762650487911e-02,1.401765945302231586e-02,1.244787526911543714e-02,1.080543668940704520e-02,9.106352170850243524e-03,7.194168875210434425e-03,4.749903693123576527e-03,7.433315375793695442e-04,-6.387034277667806050e-03,-1.682999530608616026e-02,-2.988312416626403428e-02,-4.472102330720401780e-02,-6.069233442599632211e-02,-7.722217971922984425e-02,-9.387743628644448779e-02,-1.102953301393986008e-01,-1.261714169482839043e-01,-1.412550482858666856e-01,-1.553440701052321848e-01,-1.682738100452572938e-01
1.870683201762517872e-02,1.671959524858982610e-02,1.486154271208508723e-02,1.292148664915784145e-02,1.091974152860959724e-02,8.692674407375056492e-03,5.943873816840206277e-03,1.683244032485028095e-03,-5.607693117716005746e-03,-1.612461374671808612e-02,-2.920655797097475997e-02,-4.406696862737521925e-02,-6.006200887352804857e-02,-7.662052866524206307e-02,-9.331396862050896079e-02,-1.097735112633438925e-01,-1.256934039667033653e-01,-1.408245872176732416e-01,-1.549617147863760758e-01,-1.679379877850331049e-01
2.283407131973328591e-02,2.042979893098834793e-02,1.817201064548246842e-02,1.581856447925840403e-02,1.339520486199334733e-02,1.072575520454993429e-02,7.538030920987996188e-03,2.887619987312411204e-03,-4.676414807360239692e-03,-1.533765712105742383e-02,-2.848462850636301544e-02,-4.338753558451317188e-02,-5.941531998673662412e-02,-7.600718526594232860e-02,-9.274263018157387350e-02,-1.092465161248021566e-01,-1.252111476745352836e-01,-1.403909365373017248e-01,-1.545767814143267638e-01,-1.676003712056746420e-01
2.833097707583986588e-02,2.537870739952329674e-02,2.258623680384821281e-02,1.967913867392005745e-02,1.669009358633012294e-02,1.342467964161958051e-02,9.638247509008502842e-03,4.438242334550720689e-03,-3.533778064543452620e-03,-1.442983096490228594e-02,-2.769358535725978399e-02,-4.266875984552442186e-02,-5.874364793451767458e-02,-7.537653518538257880e-02,-9.215964351441228997e-02,-1.087119830335725040e-01,-1.247230756993155526e-01,-1.399527510687757215e-01,-1.541880233321548943e-01,-1.672603371277981144e-01
3.553981631745165709e-02,3.188435935729180132e-02,2.839102775499585674e-02,2.475700579485136735e-02,2.102421376396819419e-02,1.697405110150292454e-02,1.239540143628792106e-02,6.455036816537790441e-03,-2.088020846175062638e-03,-1.333618332599520624e-02,-2.679115460655201106e-02,-4.188401533326872178e-02,-5.803002623650074104e-02,-7.471757938927120479e-02,-9.155754980073346760e-02,-1.081649227246466449e-01,-1.242259316695656785e-01,-1.395072996416915345e-01,-1.537929768245650808e-01,-1.669163237195690486e-01
4.493623342576104351e-02,4.039152075640006084e-02,3.599059924632595081e-02,3.141241081907959060e-02,2.671206570163062871e-02,2.164115693760109219e-02,1.603226057739791377e-02,9.120676657144109398e-03,-1.927692376603949145e-04,-1.194660007495729551e-02,-2.570034220481463502e-02,-4.098145391924745695e-02,-5.723999065502547584e-02,-7.400758825809893027e-02,-9.092075792699418069e-02,-1.075944675507835430e-01,-1.237125976548293649e-01,-1.390488981450456740e-01,-1.533868114634313884e-01,-1.665647994476916194e-01
5.720775952728666958e-02,5.154635230946298663e-02,4.597819141967662143e-02,4.018082576918211718e-02,3.422722256922635514e-02,2.783524257082579251e-02,2.089790861004011194e-02,1.272993190744803847e-02,2.396858248041597219e-03,-1.006768641650654557e-02,-2.427741719268507528e-02,-3.985839153503429461e-02,-5.630221519137160180e-02,-7.319809080897052289e-02,-9.021543528705899817e-02,-1.069764122232707282e-01,-1.231668363497104429e-01,-1.385652478683995770e-01,-1.529598540712849009e-01,-1.661982753018667325e-01
7.338349864589376048e-02,6.634178468757233327e-02,5.926834221476427744e-02,5.190065197497745197e-02,4.432657344696112889e-02,3.622729548139171779e-02,2.758247862902982184e-02,1.779786307813811808e-02,6.124133559718777757e-03,-7.332330062378952448e-03,-2.223231957745501128e-02,-3.829408186477835374e-02,-5.505501971186182314e-02,-7.217463874379634325e-02,-8.936055215514544792e-02,-1.062530177621261729e-01,-1.225497763221354286e-01,-1.380291894421938337e-01,-1.524931136578292212e-01,-1.658027861290775617e-01
9.466188292768736023e-02,8.619684119549432533e-02,7.721041123219730962e-02,6.782577302867641433e-02,5.815595549656749075e-02,4.784581235034106317e-02,3.699910337185565584e-02,2.512639220465652870e-02,1.168117528899284378e-02,-3.161364280706794021e-03,-1.909830251537332144e-02,-3.592407004341744564e-02,-5.322481694154268528e-02,-7.073862799555705183e-02,-8.821352346770459929e-02,-1.053230230074092971e-01,-1.217941381872386652e-01,-1.373993119016783393e-01,-1.519647699473617997e-01,-1.653679950445682001e-01
1.185455748256741687e-01,1.100418374296194546e-01,9.952512651819028777e-02,8.823091660915539924e-02,7.641633965690783348e-02,6.372610653242948009e-02,5.041473707690648925e-02,3.611228626246837381e-02,2.047734885359555126e-02,3.765241559509897949e-03,-1.372240866218523390e-02,-3.180774664377232497e-02,-5.010357588848764199e-02,-6.840173169240867934e-02,-8.647417505752418021e-02,-1.040329219880145872e-01,-1.208504874408447005e-01,-1.366999233661661817e-01,-1.514443868243604274e-01,-1.649822108227443074e-01
