6.024400959760781984e-04
4.375677827395851177e-03
3.022429618534281520e-02
2.081626556765771296e-01
1.412502189381545925e+00
9.348703140538720646e+00
5.770643093727918682e+01
2.919041992093465296e+02
1.032878320001935663e+03
2.561300160064575721e+03
4.965973525484158017e+03
8.186720136605655171e+03
1.210320982497826844e+04
1.664671833113621324e+04
2.166399185613556256e+04
2.711524177394426442e+04
3.276922362905360205e+04
3.846271737648908311e+04
4.351213725919445278e+04
4.850735963440081105e+04
