-1.095613944763529010e-02,-1.044355958674726519e-02,-9.372202968562413916e-03,-8.183630378442375425e-03,-6.931522523763615669e-03,-5.612102230224681222e-03,-4.188453462483604332e-03,-2.666449907975408391e-03,-1.052666286457803503e-03,6.341486718630578783e-04,2.372168650196655217e-03,4.138767889191498871e-03,5.912126756901952759e-03,7.670440209090388824e-03,9.397936979020079379e-03,1.108088709691338117e-02,1.271233414336599143e-02,1.428850910059042099e-02,1.581535706588130599e-02,1.730559374481313237e-02
-8.450275605242359850e-03,-7.620269769704994013e-03,-6.599057758118440607e-03,-5.553589448509173646e-03,-4.489583234862859311e-03,-3.389957597942331799e-03,-2.208290700705637082e-03,-9.368432689185102104e-04,4.277996733587663435e-04,1.871121727200278839e-03,3.371736201186812613e-03,4.907145200282654086e-03,6.458385543545718498e-03,8.009429673819481316e-03,9.555244453785419895e-03,1.109127348804527478e-02,1.261659959845080024e-02,1.412613824513756985e-02,1.561640162345611510e-02,1.709065001801863756e-02
-6.476514630838986139e-03,-5.767009136762568308e-03,-5.040538487956660978e-03,-4.308326900228977643e-03,-3.561737363643814429e-03,-2.778762871448564077e-03,-1.904258092643206727e-03,-9.130386384329913915e-04,2.141653819815758663e-04,1.473300798163641604e-03,2.849298223371034885e-03,4.321921396868161000e-03,5.869291940184223448e-03,7.463138612552652068e-03,9.080135193726858803e-03,1.069125550019714085e-02,1.227703948590209634e-02,1.382469064101657548e-02,1.533179486991491369e-02,1.681068198114636300e-02
-5.085367934249305881e-03,-4.513772801449518826e-03,-3.952299236850032906e-03,-3.364852529137575109e-03,-2.749307910155773544e-03,-2.086946421086870347e-03,-1.322486688833967401e-03,-4.230280912800749591e-04,6.344023152566814934e-04,1.841235701730357726e-03,3.171796032166401651e-03,4.592884807022009318e-03,6.071991318920547630e-03,7.575578138650470791e-03,9.087256331016896338e-03,1.059062675353583324e-02,1.208386356561744375e-02,1.356657105694819739e-02,1.503614772716722198e-02,1.649796312482833260e-02
-4.074066277768267040e-03,-3.606414926273737026e-03,-3.158609603110232051e-03,-2.688648517177753827e-03,-2.199423445006639440e-03,-1.673453239777495261e-03,-1.054907285460358803e-03,-3.020897853083903792e-04,6.161302080980133201e-04,1.695944083484502308e-03,2.915241034605361818e-03,4.245957112356003697e-03,5.661871447051205694e-03,7.132844611373284627e-03,8.642087741872262960e-03,1.016340069893537264e-02,1.168270913893817639e-02,1.318940651899651664e-02,1.467481924352290537e-02,1.614481574215823403e-02
-3.321464206268648096e-03,-2.935010809117459714e-03,-2.575161487033521008e-03,-2.197716782087844739e-03,-1.803925624409928336e-03,-1.375014218609575678e-03,-8.544905306474395766e-04,-1.930746559102073073e-04,6.473020166749586047e-04,1.665371656901808032e-03,2.837178344935723743e-03,4.130810493988344538e-03,5.514593721187769151e-03,6.952052955977797155e-03,8.423644122785236069e-03,9.902588236660516199e-03,1.138027707261078311e-02,1.285380741002291501e-02,1.431824008679455015e-02,1.577849597614473104e-02
-2.759707328168826447e-03,-2.438191135091591702e-03,-2.146370053389378731e-03,-1.839808499380520294e-03,-1.519016258546978517e-03,-1.166434860378763073e-03,-7.279487157091569420e-04,-1.502344968812603513e-04,6.096029060128507846e-04,1.552879055763007341e-03,2.655734292053464618e-03,3.887054657353509329e-03,5.216676814119422870e-03,6.610089763181962487e-03,8.050446039907016224e-03,9.510470974781297382e-03,1.097982709328108007e-02,1.245283023058748120e-02,1.392070414245492362e-02,1.538540834104944709e-02
-2.347658700552215493e-03,-2.077699830333847378e-03,-1.837975166051423418e-03,-1.585700930917860159e-03,-1.321342160211757145e-03,-1.028798961575274522e-03,-6.565522267060020867e-04,-1.482482059458028318e-04,5.436800973700676824e-04,1.424309063194872851e-03,2.471036281677978057e-03,3.653887922065170938e-03,4.942743935974531697e-03,6.302298165979368719e-03,7.714811880247344003e-03,9.150965241355330307e-03,1.060021393729346922e-02,1.205846393043945308e-02,1.351805262439858060e-02,1.498032109763967369e-02
-2.059011519515920215e-03,-1.828998285533413185e-03,-1.628572539240008988e-03,-1.417423515766427300e-03,-1.196119302825670618e-03,-9.500349600262841549e-04,-6.307620993170036123e-04,-1.807704744032230775e-04,4.506638210535972538e-04,1.272166335224903530e-03,2.262713428859641340e-03,3.394129978157675587e-03,4.637255433023415585e-03,5.957767922794716606e-03,7.338800598101757715e-03,8.750833823835841088e-03,1.018349944922467172e-02,1.163292825409917297e-02,1.309056210221318760e-02,1.455546755459915728e-02
-1.876881749801536563e-03,-1.676495850001541226e-03,-1.504840923936980870e-03,-1.323983902634761354e-03,-1.134631441722676109e-03,-9.236699799129206726e-04,-6.461515299180757566e-04,-2.448646884620463973e-04,3.328699915346022679e-04,1.099386207124045068e-03,2.036074842073708202e-03,3.117533727680728631e-03,4.316245677739011417e-03,5.599355634049872806e-03,6.950400841824595083e-03,8.339214999546346041e-03,9.755171303837503749e-03,1.119463262489356521e-02,1.264897281155314551e-02,1.411582726277191627e-02
-1.791161555052746485e-03,-1.611053287567197146e-03,-1.459233705717461133e-03,-1.299466410802718654e-03,-1.132612058865696244e-03,-9.470621467929683313e-04,-7.014668161220287716e-04,-3.401618096143958813e-04,1.902591696388448777e-04,9.056636872659687637e-04,1.790302853963230767e-03,2.822138976324935471e-03,3.975826680419104753e-03,5.220607532021922549e-03,6.540571926757075827e-03,7.905437883100555757e-03,9.304693373460827532e-03,1.073494253365867360e-02,1.218747201568928795e-02,1.365822350495502976e-02
-1.797192537289842582e-03,-1.628712640881523673e-03,-1.488859553869465628e-03,-1.342084926961427220e-03,-1.189406810823670415e-03,-1.020679119363293802e-03,-7.981340836524836342e-04,-4.686433893668969387e-04,2.075368680334849277e-05,6.890933200077377536e-04,1.523765469109381824e-03,2.506628792080079805e-03,3.615139457351807754e-03,4.821332402180807108e-03,6.109937459699595411e-03,7.450895142457435519e-03,8.833848265307945799e-03,1.025543792717913301e-02,1.170698683966802864e-02,1.318284510691934350e-02
-1.895158795703337723e-03,-1.730127631394426250e-03,-1.595002452948687333e-03,-1.453790689245870824e-03,-1.307660301644903052e-03,-1.147867113181748810e-03,-9.400902101024881212e-04,-6.344908810453716739e-04,-1.796078821884170473e-04,4.462340803164332429e-04,1.233606417149505415e-03,2.168601702317629436e-03,3.232033535244697997e-03,4.399397555159031796e-03,5.656180918856926546e-03,6.973051146870594755e-03,8.339960504422238782e-03,9.753498855270987047e-03,1.120520563296399999e-02,1.268780800846317815e-02
-2.089939109998269033e-03,-1.920450940069377138e-03,-1.783056220603678214e-03,-1.640253355291543301e-03,-1.493341812309017169e-03,-1.334914710555149420e-03,-1.133867739737653719e-03,-8.441894465527155587e-04,-4.168172452086681937e-04,1.719132297855976868e-04,9.155597173828808897e-04,1.804570581783479380e-03,2.823571897068678869e-03,3.952183160682733350e-03,5.176859275312348241e-03,6.469660456494018275e-03,7.820989173672493466e-03,9.227287950417854476e-03,1.068048863409028736e-02,1.217157563854965284e-02
-2.391317886838273832e-03,-2.209586885195645011e-03,-2.062794293912424085e-03,-1.911147808983034400e-03,-1.756047837704424654e-03,-1.591366271918548750e-03,-1.388909154051296479e-03,-1.106841032223028617e-03,-6.992197662268836468e-04,-1.411032533483491159e-04,5.636454621593962443e-04,1.409711574247657362e-03,2.385805407322056249e-03,3.476265113909780564e-03,4.668832937048966562e-03,5.937798955591154157e-03,7.274177336757057730e-03,8.674249161957062540e-03,1.013054694709078843e-02,1.163207075393421497e-02
-2.814550692428955617e-03,-2.612814126164741176e-03,-2.448984355479248871e-03,-2.280759626777688169e-03,-2.109597470396467386e-03,-1.930604119019611485e-03,-1.718128431312925235e-03,-1.434702564135503875e-03,-1.038040908287527495e-03,-5.026316387439507634e-04,1.696752799595484273e-04,9.774425175157145512e-04,1.913476394755623481e-03,2.967274870582771451e-03,4.128304749273481108e-03,5.374072526816444338e-03,6.696407182942104748e-03,8.091539674386267339e-03,9.552839480109502970e-03,1.106697981701247092e-02
-3.381367158420861638e-03,-3.151872328820603999e-03,-2.962442324595448637e-03,-2.769001923494309337e-03,-2.573012033166595727e-03,-2.370788030456717418e-03,-2.138801532561572603e-03,-1.844023588211150767e-03,-1.448188709206179670e-03,-9.258694160933576400e-04,-2.775634910865508584e-04,4.986010467099975156e-04,1.399230721628265178e-03,2.419180415770338672e-03,3.550190739612874360e-03,4.774090154722836904e-03,6.083825930880418925e-03,7.475842696856811742e-03,8.944541292983120701e-03,1.047381053936467799e-02
-4.121617827717471982e-03,-3.856733717616256558e-03,-3.631745707323734765e-03,-3.403054673810265371e-03,-3.172082010001610330e-03,-2.936354185872235966e-03,-2.673986487074226162e-03,-2.356358882130023778e-03,-1.949425719987853047e-03,-1.428397409048401574e-03,-7.931101331641723711e-04,-3.911805357171903541e-05,8.333326243839782191e-04,1.824248423212902108e-03,2.928168986922426251e-03,4.132360624561742454e-03,5.431437244796498941e-03,6.822692183920322541e-03,8.301897845739815776e-03,9.849739204473463919e-03
-5.076004480541763779e-03,-4.768511103745152677e-03,-4.496062702801736401e-03,-4.220069686097207597e-03,-3.941921784814893769e-03,-3.660436669873073229e-03,-3.354872964876829972e-03,-3.000934688870599259e-03,-2.568844342553674911e-03,-2.034831261663311210e-03,-1.398655009965587984e-03,-6.540207095042681112e-04,2.011019670504634953e-04,1.171245475563778256e-03,2.254053616631967495e-03,3.442982055481856769e-03,4.734759121112651868e-03,6.128056829692371879e-03,7.620158770154374442e-03,9.188482304340267817e-03
-6.300838625021921817e-03,-5.944428202962531195e-03,-5.610020122065591426e-03,-5.271931432806375474e-03,-4.931501907071972682e-03,-4.588943949504168708e-03,-4.224168100398173649e-03,-3.817197130404932550e-03,-3.342591746479082332e-03,-2.777949367038164228e-03,-2.123532805643297324e-03,-1.371919875595353907e-03,-5.197871200559461575e-04,4.410739664699365212e-04,1.511815057257616737e-03,2.693137638667188541e-03,3.985452513303194659e-03,5.390349959218452940e-03,6.906627362503937710e-03,8.506674658437024181e-03
-7.876949888676822512e-03,-7.466956703564985205e-03,-7.052363038978879881e-03,-6.633796805564726867e-03,-6.212650324592172701e-03,-5.790377216487140044e-03,-5.346701415500803613e-03,-4.865752722399729543e-03,-4.326300614742266577e-03,-3.707449447125244196e-03,-3.010482272878117760e-03,-2.227688501519466385e-03,-1.356022919401394990e-03,-3.858206316507294315e-04,6.858650493303878855e-04,1.865259749554648572e-03,3.156135357994232365e-03,4.564286444116726765e-03,6.092944468666638795e-03,7.715075249851687141e-03
-9.927219306246778951e-03,-9.463072337364715481e-03,-8.943684116591705396e-03,-8.418360059489720174e-03,-7.890570491895928032e-03,-7.363507062966324901e-03,-6.816009852964497254e-03,-6.236147801047888656e-03,-5.606570501929863080e-03,-4.907410806343284748e-03,-4.140456627876492809e-03,-3.296793663179361806e-03,-2.372708549083538902e-03,-1.356148993360137582e-03,-2.407165431695264507e-04,9.862744311618120742e-04,2.332713209757073837e-03,3.806288790515737624e-03,5.406454949624153392e-03,7.093451444399313105e-03
-1.264430622407550046e-02,-1.214335278997680061e-02,-1.149719649097949957e-02,-1.083299384371089018e-02,-1.016095375298850870e-02,-9.487959865965560347e-03,-8.792498691385054396e-03,-8.067906376073533115e-03,-7.302353024391082179e-03,-6.479051218692910563e-03,-5.603213082032678510e-03,-4.668123311570610175e-03,-3.673699970194125013e-03,-2.610436371187771758e-03,-1.472511915957890180e-03,-2.433004508667474790e-04,1.092828225515033412e-03,2.557078388095938588e-03,4.166120943445942616e-03,5.896459469160120204e-03
-1.624041355260435679e-02,-1.572937817870013674e-02,-1.496590366882350441e-02,-1.416415422713407542e-02,-1.334022256778576512e-02,-1.250290865731749912e-02,-1.162777946079857939e-02,-1.071107125339952094e-02,-9.743783111731013982e-03,-8.709176087245218759e-03,-7.613059207269871551e-03,-6.447940548301432998e-03,-5.215490062028491428e-03,-3.909355761086325681e-03,-2.528501261615492129e-03,-1.063519771006942501e-03,4.905776729239230347e-04,2.140582355220244960e-03,3.884983299206660155e-03,5.684210019721142558e-03
-2.018415653959770503e-02,-1.955091090889814545e-02,-1.872758297995970669e-02,-1.787753416725348932e-02,-1.700221864277747311e-02,-1.610771746094818990e-02,-1.516664043238963137e-02,-1.417772511577812707e-02,-1.313422940489080218e-02,-1.201877278013914994e-02,-1.083733360878032063e-02,-9.579563904288915591e-03,-8.245072917420983791e-03,-6.824693087617579590e-03,-5.313804766414319258e-03,-3.698524599126950217e-03,-1.969442669553714623e-03,-1.160769592900085038e-04,1.861849023141687624e-03,3.926092066634813069e-03
