-7.298127275219650628e-03,-6.506572731173687098e-03,-5.696860648389351529e-03,-4.869867696803763940e-03,-4.012127451925370271e-03,-3.133840843795049173e-03,-2.208232831399175710e-03,-1.239385571938784710e-03,-2.252167959497580415e-04,8.210748709121094445e-04,1.894703240259767345e-03,2.991358964598852567e-03,4.107765923768472507e-03,5.241273036925303379e-03,6.389643610919774376e-03,7.550688724641587031e-03,8.722693145483136068e-03,9.905014226904308022e-03,1.109579930538104851e-02,1.229423789890144933e-02
-6.033388726857761251e-03,-5.374234629116050356e-03,-4.698689289850024008e-03,-4.006304604712449847e-03,-3.282077594912659931e-03,-2.532519967450338593e-03,-1.724125793555560853e-03,-8.550734012560500105e-04,7.960268169344289295e-05,1.062175200142634725e-03,2.084582393568777149e-03,3.139966972555200547e-03,4.223119730089808059e-03,5.329862720951422141e-03,6.456656940724551062e-03,7.600318088608250949e-03,8.758292886319345161e-03,9.929304317552664627e-03,1.111056568261722249e-02,1.230164815171935939e-02
-4.819096063118322344e-03,-4.289467213242772331e-03,-3.745809319748497328e-03,-3.186848476171488028e-03,-2.597348738300110909e-03,-1.979413537152625076e-03,-1.293407403543365281e-03,-5.280852771873519253e-04,3.262781547231106212e-04,1.247235133094055058e-03,2.222398634143338096e-03,3.241525061672339419e-03,4.296856814205264781e-03,5.382273471147043173e-03,6.492654837557614023e-03,7.623736688656496292e-03,8.772028283623247574e-03,9.935501685699689098e-03,1.111070957951865515e-02,1.229736330213321988e-02
-3.854926274953841218e-03,-3.429763697616226674e-03,-2.992884373179408291e-03,-2.542708069422030485e-03,-2.064855860121809269e-03,-1.557699493643635146e-03,-9.774056837769328453e-04,-3.019070728198964019e-04,4.847619063777295462e-04,1.356322480312343367e-03,2.295685517412485253e-03,3.288885257115378973e-03,4.325440819367441792e-03,5.397255407012127235e-03,6.497714945351259000e-03,7.621633422716277834e-03,8.764712970950622878e-03,9.924278310314255114e-03,1.109660007612912717e-02,1.228128810196865706e-02
-3.101962619524862175e-03,-2.759257623764806936e-03,-2.406875328503318458e-03,-2.043220220518474680e-03,-1.655292584348216564e-03,-1.238740658369546924e-03,-7.472920495669158796e-04,-1.480139784921752322e-04,5.824419105638623233e-04,1.415017118132670714e-03,2.327769254252068983e-03,3.302857590509055905e-03,4.327081609763044727e-03,5.390478733998797269e-03,6.485143342211687444e-03,7.605150741111023002e-03,8.745571263530932046e-03,9.903233149100612934e-03,1.107431222634040410e-02,1.225826982955909548e-02
-2.509591556990461384e-03,-2.232196944809560976e-03,-1.946844791821239094e-03,-1.652061959209656173e-03,-1.336380470553144703e-03,-9.936545202403920633e-04,-5.765606427180172038e-04,-4.205027777708219156e-05,6.413666069408463077e-04,1.442870604026947560e-03,2.335651378483001236e-03,3.297971783118863829e-03,4.314028271430357490e-03,5.372174103939654152e-03,6.463441847448131959e-03,7.581324576461270608e-03,8.720429640581239122e-03,9.877222453157410639e-03,1.104782276998117659e-02,1.223162461618038793e-02
-2.040916310377630105e-03,-1.815424401413230507e-03,-1.583390814670867066e-03,-1.343520570613976383e-03,-1.085833820961466367e-03,-8.031275594490999443e-04,-4.480641327730763585e-04,3.135218461923537994e-05,6.751216510048501686e-04,1.451596875554693076e-03,2.329196301901636460e-03,3.282380226833050280e-03,4.292936931915627800e-03,5.347748700569346716e-03,6.437004619316869132e-03,7.553736501606444879e-03,8.692235675193428490e-03,9.848703404595102531e-03,1.101918030642248629e-02,1.220310060802068039e-02
-1.669825014652454162e-03,-1.485570969521349998e-03,-1.295922286329161252e-03,-1.099777443635020779e-03,-8.885083059898427147e-04,-6.543970984865805744e-04,-3.508296663317347279e-04,8.179288413946069207e-05,6.919957820662003649e-04,1.448132039582142446e-03,2.314041307349006243e-03,3.260571175463109189e-03,4.267343804267425926e-03,5.319987941749784906e-03,6.408038250505150926e-03,7.524154665553286873e-03,8.662432585300305909e-03,9.818873822728498707e-03,1.098940857731146685e-02,1.217358845440396492e-02
-1.377235935605677225e-03,-1.225609401559746726e-03,-1.069504368098039880e-03,-9.080095994801616784e-04,-7.336757603796828682e-04,-5.386521636257229212e-04,-2.775425392572889761e-04,1.154875849864043564e-04,6.972078935014175286e-04,1.436692146976898798e-03,2.293476068847753908e-03,3.235057153819100636e-03,4.239153509643111412e-03,5.290344385718530676e-03,6.377663696994653394e-03,7.493464815962860674e-03,8.631738935062806609e-03,9.788327100873664768e-03,1.095902783991732285e-02,1.214354860721769680e-02
-1.148821600130167740e-03,-1.022780998338179963e-03,-8.929817218340540576e-04,-7.586926562078453789e-04,-6.134628887938220173e-04,-4.495695211962088904e-04,-2.231373195130827278e-04,1.366002347785214531e-04,6.941436505094332509e-04,1.419903608625308709e-03,2.269458269378114672e-03,3.207267582706134403e-03,4.209406892872156157e-03,5.259587167247842775e-03,6.346460449937756272e-03,7.462122320271962449e-03,8.600523431721528861e-03,9.757366358919109667e-03,1.092830488624865065e-02,1.211321992885597623e-02
-9.737031591568307519e-04,-8.674129485208870735e-04,-7.579167281127785916e-04,-6.446522894496092533e-04,-5.219930478582845024e-04,-3.825179527643749063e-04,-1.840291899881865288e-04,1.479772281514581036e-04,6.850407146845452011e-04,1.399426815192937731e-03,2.243165419036914198e-03,3.178022478186575371e-03,4.178677563933837560e-03,5.228128538768138898e-03,6.314733664235802971e-03,7.430369097996750508e-03,8.568982304902810626e-03,9.726152081906346350e-03,1.089737500126044221e-02,1.208272382096082717e-02
-8.436656056839607299e-04,-7.522113679967715356e-04,-6.579599077645693038e-04,-5.605087337706715373e-04,-4.548931029265189754e-04,-3.341083942232902495e-04,-1.576793234215514278e-04,1.515679710766613237e-04,6.713844182792372229e-04,1.376314775004755910e-03,2.215306246735063590e-03,3.147792253129025070e-03,4.147282593019789056e-03,5.196192064290819715e-03,6.282647908370384698e-03,7.398339353854508499e-03,8.537224592644490281e-03,9.694772651232159283e-03,1.086630581271182290e-02,1.205212034261888589e-02
-7.526576987173741072e-04,-6.718131266844159415e-04,-5.884538426079661058e-04,-5.023315502897576215e-04,-4.089932282864053694e-04,-3.019261891154396667e-04,-1.423383068337949356e-04,1.486756433205119556e-04,6.541453886550772706e-04,1.351227242230723094e-03,2.186302206309254613e-03,3.116844030489784433e-03,4.115396828673795714e-03,5.163900628301286780e-03,6.250294876715812784e-03,7.366111585364714005e-03,8.505313740130068800e-03,9.663278714875949207e-03,1.083513220093857560e-02,1.202143964630641125e-02
-6.964620859691038118e-04,-6.224915927658362805e-04,-5.461749082031211802e-04,-4.674170415620963488e-04,-3.821372587599535724e-04,-2.843663351358603959e-04,-1.368906963465362316e-04,1.401099664083804274e-04,6.339250832110405152e-04,1.324560988378658448e-03,2.156394876007666425e-03,3.085324806029393369e-03,4.083115084039683207e-03,5.131322321890381330e-03,6.217727388235220164e-03,7.333734014275439077e-03,8.473288015248270355e-03,9.631700207199021813e-03,1.080387488676836337e-02,1.199069895007547418e-02
-6.724800858241206363e-04,-6.019655924568694666e-04,-5.291667508486445123e-04,-4.541463301339238859e-04,-3.730641600218826716e-04,-2.805333614095243972e-04,-1.407622530635086844e-04,1.262787465606119005e-04,6.110435124807447145e-04,1.296528111951672458e-03,2.125708821319862406e-03,3.053308016881372839e-03,4.050485202918866108e-03,5.098493646495208011e-03,6.184975865808194778e-03,7.301236685213835335e-03,8.441170474519742520e-03,9.600054822585335143e-03,1.077254922535648453e-02,1.195991064306782189e-02
-6.796037696228339735e-04,-6.092867155291679330e-04,-5.366430369029138352e-04,-4.619037563261580597e-04,-3.813415739752599467e-04,-2.901870599267071158e-04,-1.538703228440341827e-04,1.072375031275308113e-04,5.855874836656262562e-04,1.267199708810053073e-03,2.094286175038700005e-03,3.020818077166699880e-03,4.017524437050053014e-03,5.065430293937302555e-03,6.152055606806574629e-03,7.268636752558878256e-03,8.408973625724451562e-03,9.568352073058162405e-03,1.074116825365608631e-02,1.192908519600548514e-02
-7.181621627156606607e-04,-6.447930567442076988e-04,-5.689487941382433394e-04,-4.910460140531850218e-04,-4.073425149377069400e-04,-3.137251298976645605e-04,-1.766076070608073420e-04,8.270720402614586486e-05,5.574289818449869359e-04,1.236524085114002565e-03,2.062101695529870889e-03,2.987840781845419857e-03,3.984225812456051313e-03,5.032130865355470550e-03,6.118969029569256909e-03,7.235940054190658638e-03,8.376701174743313855e-03,9.536594817685789538e-03,1.070974261283683115e-02,1.189823128846957678e-02
-7.899364837234717400e-04,-7.101248630678487625e-04,-6.275763428046176153e-04,-5.429184908744116292e-04,-4.522619229871633413e-04,-3.521992844303908411e-04,-2.098551945802128930e-04,5.206456459560358801e-05,5.262178703892710129e-04,1.204323429888402852e-03,2.029062174358056518e-03,2.954323238411846273e-03,3.950557639214527170e-03,4.998576015289093143e-03,6.085704748248344301e-03,7.203140229469866956e-03,8.344347815853950592e-03,9.504779035444608712e-03,1.067827889605688259e-02,1.186735453155497722e-02
-8.982452203677259014e-04,-8.083029003583847450e-04,-7.152366278545075956e-04,-6.199196016045701143e-04,-5.181737419865576179e-04,-4.073651914192183941e-04,-2.550247027141428597e-04,1.430525337251249635e-05,4.913489301432484059e-04,1.170268683125809525e-03,1.994990137471869696e-03,2.920163666475821939e-03,3.916456703578065184e-03,4.964723507397680174e-03,6.052233801937188275e-03,7.170215507282242870e-03,8.311897167249126389e-03,9.472891965823680357e-03,1.064677713847175973e-02,1.183645534859598288e-02
-1.048105839658537925e-03,-9.438758168253671629e-04,-8.359916891965490189e-04,-7.256183211832413840e-04,-6.081331955035118846e-04,-4.817704257066323975e-04,-3.141333072044884332e-04,-3.202379451807356708e-05,4.518990546864271713e-04,1.133828070247046163e-03,1.959587722400776399e-03,2.885187977859904156e-03,3.881813059593301231e-03,4.930497767793336553e-03,6.018501991115149906e-03,7.137122316634169489e-03,8.279317198063320532e-03,9.440908167745769991e-03,1.061522750298985428e-02,1.180552595730792464e-02
-1.246488460191146281e-03,-1.123150586678790678e-03,-9.954610814745400073e-04,-8.649365025374946506e-04,-7.263347325375009563e-04,-5.788900751749180302e-04,-3.899209696427442242e-04,-8.893247240157989861e-05,4.065248035492376329e-04,1.094179219424311865e-03,1.922371277366548325e-03,2.849105417979228266e-03,3.846440717589967497e-03,4.895769886739891920e-03,5.984415387080023289e-03,7.103783536249627835e-03,8.246551419495524657e-03,9.408782202706486228e-03,1.058360551877286088e-02,1.177454582914318204e-02
-1.502691978137459493e-03,-1.354534056573321885e-03,-1.201127756188757412e-03,-1.044419096211143642e-03,-8.783466606129638641e-04,-7.033295614656990625e-04,-4.860289730407820114e-04,-1.591553034588530065e-04,3.533012803893145607e-04,1.050066015772018130e-03,1.882558849319240909e-03,2.811428016646633221e-03,3.810022341646283027e-03,4.860319304643462464e-03,5.949812600837882555e-03,7.070066684531382817e-03,8.213502088076803792e-03,9.376435023156600573e-03,1.055186402368496826e-02,1.174347414385955822e-02
-1.828903456940795744e-03,-1.649041569056672622e-03,-1.462794481121038742e-03,-1.272638702709583429e-03,-1.071464901781013631e-03,-8.611343365002617359e-04,-6.072783408083803729e-04,-2.464170271526570986e-04,2.894660759226503786e-04,9.995655495853173617e-04,1.838877859263612566e-03,2.771324912365263557e-03,3.772004274444927963e-03,4.823758923731880956e-03,5.914410080670089685e-03,7.035741895645044111e-03,8.179997329356158281e-03,9.343727658464962699e-03,1.051991717105940985e-02,1.171223581579039844e-02
-2.241065128792891700e-03,-2.021087326985629082e-03,-1.793295677446639456e-03,-1.560830116863938478e-03,-1.315273665232921099e-03,-1.060288590102308973e-03,-7.601272007270522572e-04,-3.558721829388128855e-04,2.109975140396991387e-04,9.396994028830567801e-04,1.789231450881562623e-03,2.727355843415080281e-03,3.731394285149266035e-03,4.785385161345510376e-03,5.877690391248996393e-03,7.000396886189558243e-03,8.145724065336687469e-03,9.310407763636759440e-03,1.048760491398350279e-02,1.168069263780750593e-02
-2.760304326926195199e-03,-2.489792389224276727e-03,-2.209681009367856115e-03,-1.923952891558638372e-03,-1.622595578902900340e-03,-1.311573948887832797e-03,-9.534702201583994223e-04,-4.948732688476430988e-04,1.118854415256283045e-04,8.657593888894361865e-04,1.730103009168467397e-03,2.676973124289373090e-03,3.686364112513864245e-03,4.743870213589101992e-03,5.838666191903952099e-03,6.963256083781668368e-03,8.110084573795736662e-03,9.275995364598233969e-03,1.045460906554331916e-02,1.164857791958993395e-02
-3.415410083134010760e-03,-3.081258819237773453e-03,-2.735284120745361779e-03,-2.382563017359146107e-03,-2.011186065681200806e-03,-1.630123466868008478e-03,-1.200100832289662271e-03,-6.743709540429078083e-04,-1.718504318762145353e-05,7.700906317582368373e-04,1.655460037849682030e-03,2.615570225899830747e-03,3.633455087076270084e-03,4.696619646130968141e-03,5.795370526894647045e-03,6.922782536353660858e-03,8.071878823599339114e-03,9.239529769123696820e-03,1.042025167376143396e-02,1.161534141133928506e-02
-4.246893270008818104e-03,-3.832318015730004027e-03,-3.403157792853226185e-03,-2.965954761344475558e-03,-2.506625807995415539e-03,-2.038127836535837383e-03,-1.519300690458265770e-03,-9.114091001840866815e-04,-1.911835630053582786e-04,6.399045560290652973e-04,1.554748200826755944e-03,2.534685950621785346e-03,3.566019538568213163e-03,4.638461375090271316e-03,5.743781858123946787e-03,6.875819603660080284e-03,8.028616225713490137e-03,9.199024186117890287e-03,1.038303853413885883e-02,1.157980055616511864e-02
-5.310062786036369616e-03,-4.793461632947375664e-03,-4.258875135467755577e-03,-3.714877526294736634e-03,-3.145048868888551067e-03,-2.567664112473848695e-03,-1.939845829407119745e-03,-1.232273305346334464e-03,-4.338820842296120723e-04,4.542006542951701085e-04,1.409934232843898082e-03,2.419232282143968672e-03,3.471705049728050947e-03,4.559445303492509413e-03,5.675968735613839793e-03,6.816092612459132179e-03,7.975328921931626805e-03,9.150561079638352968e-03,1.033989353335122881e-02,1.153959391236230973e-02
-6.646882668409274768e-03,-6.003535133107746995e-03,-5.338183162215550705e-03,-4.662236192754281444e-03,-3.957074528346858980e-03,-3.247831491596878725e-03,-2.490266885136952543e-03,-1.665455097198978180e-03,-7.729134754749795565e-04,1.870787068159165598e-04,1.197553005155061346e-03,2.248604703770821535e-03,3.332939735083900474e-03,4.444988404223929913e-03,5.580128951382858082e-03,6.734332891217995228e-03,7.904860477457462120e-03,9.088811040632208127e-03,1.028667940991228984e-02,1.149192776151694746e-02
-8.036922859470545244e-03,-7.263688924380197302e-03,-6.464622611020246282e-03,-5.654407082052606212e-03,-4.812971016709441212e-03,-3.972553904381919375e-03,-3.088030118819153156e-03,-2.149602372695624819e-03,-1.163554076514133158e-03,-1.292017087321483391e-04,9.407191701674813599e-04,2.039438678543718797e-03,3.162006378033816248e-03,4.304670058835675939e-03,5.464339520348391460e-03,6.638052011796182275e-03,7.824525488390472738e-03,9.021284522376080833e-03,1.023039923982512964e-02,1.144424206206547980e-02
