1.367606847299167316e-01
6.377371316652689082e-01
2.904968071834063359e+00
1.277324827298075860e+01
5.279591418699461514e+01
1.959224632571651910e+02
6.044251309760032882e+02
1.502509131890235494e+03
3.021735014173272248e+03
5.206337671910451718e+03
7.996663285877431917e+03
1.128685808941280993e+04
1.517981197709331536e+04
1.930920524273522096e+04
2.375562294768590800e+04
2.845281120565776291e+04
3.367231097397956910e+04
3.834781330987008550e+04
4.361883587153117696e+04
4.827615352135089051e+04
