1.099388824495329620e-03
7.220428553360367166e-03
4.594293838003094682e-02
2.907605763461212911e-01
1.790369049554605185e+00
1.058966172470211475e+01
5.616702426630152445e+01
2.326268515743631440e+02
6.385488106391464953e+02
1.238634684909189218e+03
1.945401265607086316e+03
2.703652639807019568e+03
3.456000580050445024e+03
4.177302391453583368e+03
4.852368660083551731e+03
5.473837018905097466e+03
6.039593271538644331e+03
6.552116575542719147e+03
7.014938954369964449e+03
7.432830287115179999e+03
