4.906330233580116410e-05
3.415573251505430829e-04
2.262563970284085704e-03
1.484020324315937257e-02
9.739288823431348219e-02
6.263162135155047050e-01
3.972882397102922791e+00
2.415229191080521787e+01
1.331940401447569116e+02
5.711152578004198404e+02
1.723452269125879184e+03
3.811612834655013557e+03
6.847508745672961595e+03
1.071391670087632156e+04
1.526410924772691033e+04
2.041372164688701378e+04
2.600140739428273082e+04
3.197858691329260182e+04
3.806487624106941075e+04
4.429203839899179729e+04
