1.842357198101742533e-01,1.770692026594131996e-01,1.603735337523663762e-01,1.418910849939966079e-01,1.211291109887566303e-01,9.901997086847712237e-02,7.442816418696353298e-02,4.753852270013522729e-02,1.812058793780621860e-02,-1.319383107901801223e-02,-4.585946668071842758e-02,-7.915164028795149131e-02,-1.123097498300867636e-01,-1.445332681074694148e-01,-1.750667670000531084e-01,-2.033163336262419629e-01,-2.288633820119042594e-01,-2.515161238831646329e-01,-2.712121280680545587e-01,-2.879755771274456477e-01
1.427344831568918559e-01,1.295617182082960395e-01,1.126535474408250637e-01,9.566966687286672377e-02,7.754625484387915602e-02,5.887518662794184038e-02,3.837497745419595624e-02,1.585987584999508718e-02,-9.128933708484894549e-03,-3.613471488047747399e-02,-6.457796436858009859e-02,-9.374339743984164142e-02,-1.229653766206083160e-01,-1.516361250641692915e-01,-1.792418938696182518e-01,-2.053741201652477255e-01,-2.296292520157302286e-01,-2.516400776087872604e-01,-2.710850469266371521e-01,-2.877817561127043455e-01
1.077756713011525924e-01,9.624198333766099955e-02,8.426031743391089457e-02,7.264383126142805180e-02,6.023220930701812803e-02,4.734911393256194256e-02,3.258349264841927523e-02,1.523809221956284529e-02,-5.519397692304529347e-03,-2.956292398018953854e-02,-5.636618270683294019e-02,-8.521749839438752527e-02,-1.153099297414408309e-01,-1.456787127552556793e-01,-1.752692728628348906e-01,-2.031298721996217249e-01,-2.285403479139023475e-01,-2.511360816599070289e-01,-2.708033273390607620e-01,-2.875715742403733843e-01
8.211564148379575656e-02,7.288665870091262655e-02,6.381958361679579417e-02,5.471067280400706417e-02,4.469851918308994504e-02,3.404273439249376476e-02,2.138930585539312521e-02,5.731233632779463884e-03,-1.390737074254724294e-02,-3.738531481410835300e-02,-6.382292207136593121e-02,-9.215547702361669147e-02,-1.213152539111935352e-01,-1.502913823540520111e-01,-1.782519938516106683e-01,-2.046285458498316445e-01,-2.290056659331270450e-01,-2.510721411816795867e-01,-2.705632028604654793e-01,-2.873188819568324726e-01
6.301621492852993445e-02,5.563134257100387642e-02,4.862168341537827232e-02,4.158637773285429884e-02,3.391854927782079338e-02,2.580195767175823274e-02,1.592486187771891340e-02,2.959748657302239006e-03,-1.433841372762956028e-02,-3.600353587306703851e-02,-6.111359448946811213e-02,-8.863356320997621551e-02,-1.175534414416251477e-01,-1.468580149330695472e-01,-1.755624445445844450e-01,-2.028125121875462011e-01,-2.279123176706162324e-01,-2.504269363876041599e-01,-2.701411323918912477e-01,-2.870038216975465684e-01
4.855149131224865272e-02,4.265942422773680992e-02,3.725344488541640353e-02,3.185166852384770791e-02,2.594490467021571406e-02,1.961222287785235191e-02,1.157616886119336615e-02,2.346478181683882280e-04,-1.591920783436701070e-02,-3.702063546274936973e-02,-6.196250293609295579e-02,-8.951055231003018919e-02,-1.184615349610201457e-01,-1.476584471227029571e-01,-1.760817509403232728e-01,-2.029656675657331710e-01,-2.277553603799234161e-01,-2.501030872521615711e-01,-2.697835725756206893e-01,-2.866832597048320497e-01
3.751218302535442445e-02,3.284320483965733756e-02,2.867557764462740078e-02,2.451491082414506903e-02,1.994045748287379474e-02,1.498839812043238455e-02,8.463600441994264048e-03,-1.425969190946605987e-03,-1.642676902660228019e-02,-3.676944393797888094e-02,-6.121236211110180764e-02,-8.843248729629354932e-02,-1.171958673127790757e-01,-1.463526326721681370e-01,-1.748831182268903994e-01,-2.019774674575719187e-01,-2.270006862181813412e-01,-2.495389060188296926e-01,-2.693504878827967519e-01,-2.863403031362287132e-01
2.907574792927643259e-02,2.540030001836717649e-02,2.217944796189290704e-02,1.896276097484213968e-02,1.540959940838139766e-02,1.152767164920156899e-02,6.197615158198666908e-03,-2.528148831813210352e-03,-1.664230367658149634e-02,-3.648031581543845214e-02,-6.068216529510487428e-02,-8.782542854449215675e-02,-1.166006345120616378e-01,-1.458002098044992312e-01,-1.743661955245417450e-01,-2.014771286960692631e-01,-2.265125185396140162e-01,-2.490793118326646571e-01,-2.689424696006137983e-01,-2.859973992863679704e-01
2.264887625247483105e-02,1.976903257541712949e-02,1.726785781476220319e-02,1.476823406495901547e-02,1.199493250826435750e-02,8.934945306291805847e-03,4.544379687999399939e-03,-3.232436614981147593e-03,-1.661182413046439349e-02,-3.602310682874167169e-02,-5.999898597339282241e-02,-8.703291026646518824e-02,-1.157658937013406053e-01,-1.449685459219826889e-01,-1.735771247415167640e-01,-2.007637994350056077e-01,-2.258947715434372339e-01,-2.485597119572062474e-01,-2.685126709630574759e-01,-2.856470475986278013e-01
1.779151340640885634e-02,1.553810283306336984e-02,1.357986856994657793e-02,1.162119808089691342e-02,9.438893046643821033e-03,7.006033565509394573e-03,3.352081686074331705e-03,-3.648542056221768404e-03,-1.641638768605561266e-02,-3.547496735527755352e-02,-5.927189847952200885e-02,-8.623267033481629706e-02,-1.149565466369560779e-01,-1.441896259938116875e-01,-1.728539026620875552e-01,-2.001094299104833885e-01,-2.253150853740715498e-01,-2.480565677102023192e-01,-2.680861174756144494e-01,-2.852951999280412543e-01
1.417468221561846327e-02,1.240396042217454912e-02,1.085008193164323752e-02,9.294215354447589103e-03,7.554282114871154960e-03,5.594536661543162911e-03,2.513329132895190856e-03,-3.853291410665292578e-03,-1.610763722035488468e-02,-3.486634739339386502e-02,-5.851051703223163203e-02,-8.540883790893750993e-02,-1.141253525034083699e-01,-1.433860821742602432e-01,-1.721037638970729367e-01,-1.994299355342389890e-01,-2.247166501987806486e-01,-2.475422910497380169e-01,-2.676537885704405872e-01,-2.849401566559258692e-01
1.155417830025567277e-02,1.014380227125226061e-02,8.884183033528942133e-03,7.621240696151764318e-03,6.205187709387382199e-03,4.595155931447864224e-03,1.952778016323986066e-03,-3.898104058592152723e-03,-1.571745444424504923e-02,-3.421501497577601747e-02,-5.772452662270305401e-02,-8.456903126174507290e-02,-1.132833995005343153e-01,-1.425759768277351514e-01,-1.713507086826897285e-01,-1.987496468505302316e-01,-2.241177699369194809e-01,-2.470268458779081022e-01,-2.672195295269980675e-01,-2.845829685273228438e-01
9.752988129460030131e-03,8.597678700086449841e-03,7.543011558000817934e-03,6.483698586385880369e-03,5.295069622042799552e-03,3.933903251741373286e-03,1.618927704183690348e-03,-3.816806199661430029e-03,-1.526590256864228910e-02,-3.353178111093065711e-02,-5.691947446371458524e-02,-8.371605656507687121e-02,-1.124316138929850190e-01,-1.417582025835923687e-01,-1.705913987834917489e-01,-1.980639332142403453e-01,-2.235142530298455110e-01,-2.465076919469626204e-01,-2.667823718858528537e-01,-2.842234404853313245e-01
8.649251064592831245e-03,7.656399336524908998e-03,6.731887977260888299e-03,5.801240857123541456e-03,4.759020809325519887e-03,3.561787811498809408e-03,1.478841812221212432e-03,-3.630205773551916596e-03,-1.476485550657512941e-02,-3.282271726507672571e-02,-5.609813995986543539e-02,-8.285114055539850864e-02,-1.115706505275468885e-01,-1.409334368784607716e-01,-1.698267494650755050e-01,-1.973739603985790736e-01,-2.229072111198844020e-01,-2.459855893724786913e-01,-2.663427005947446302e-01,-2.838617206856690611e-01
8.168212066903029339e-03,7.253544706782671242e-03,6.393613459400203022e-03,5.525742028664727863e-03,4.558805212383020868e-03,3.450841855474673803e-03,1.514956047499883178e-03,-3.348751828698404241e-03,-1.422018006112221386e-02,-3.209082368592206663e-02,-5.526180192821193715e-02,-8.197482152290069823e-02,-1.107008353639023918e-01,-1.401020009897429031e-01,-1.690569887577158814e-01,-1.966798487487375902e-01,-2.222966399269304116e-01,-2.454604831377899810e-01,-2.659005015472784006e-01,-2.834978366182604459e-01
8.277356478361407380e-03,7.360686959686723284e-03,6.504319027327907024e-03,5.637778797817143486e-03,4.679999408842005180e-03,3.591899280284755434e-03,1.723367780994237118e-03,-2.973935286309650934e-03,-1.363290143221021489e-02,-3.133690581588663426e-02,-5.441077752330059775e-02,-8.108719860431856663e-02,-1.098222477522076412e-01,-1.392640400604180650e-01,-1.682822618308293938e-01,-1.959817822822036426e-01,-2.216826921200104328e-01,-2.449324629357378380e-01,-2.654558346015195025e-01,-2.831318450153734179e-01
8.984310054924081468e-03,7.985355365328032987e-03,7.071741484099179458e-03,6.145215534904793081e-03,5.130908933968387001e-03,3.993831312363360642e-03,2.113313087436684105e-03,-2.498704111448720074e-03,-1.299956718753474127e-02,-3.055988299273577555e-02,-5.354461986364625337e-02,-8.018803697671562924e-02,-1.089347762743833742e-01,-1.384195572629934035e-01,-1.675026167471379557e-01,-1.952798961993435500e-01,-2.210654948408981024e-01,-2.444015980854630232e-01,-2.650087433273645710e-01,-2.827638041237389710e-01
1.033733542715560734e-02,9.171559794514996464e-03,8.135759457694170110e-03,7.083750992249322406e-03,5.943136710034731436e-03,4.684130462376196249e-03,2.707720889683848560e-03,-1.907004221513433368e-03,-1.231191340079752609e-02,-2.975663074746146691e-02,-5.266205690631404340e-02,-7.927673067405255347e-02,-1.080380741341556705e-01,-1.375683663939626100e-01,-1.667179670894634036e-01,-1.945742448729486929e-01,-2.204451387152597530e-01,-2.438679376922712749e-01,-2.645592576024876075e-01,-2.823937763228797637e-01
1.242845236530096958e-02,1.100290705724020664e-02,9.771225961680604644e-03,8.519463712228763502e-03,7.173841339881787890e-03,5.710876826544738182e-03,3.544865884947607289e-03,-1.172434274349747974e-03,-1.155581604300888812e-02,-2.892133878808630237e-02,-5.176067413281286445e-02,-7.835214174888911753e-02,-1.071314422101927594e-01,-1.367099806651655147e-01,-1.659280154652436334e-01,-1.938647903532186301e-01,-2.198217686799877335e-01,-2.433316373254700848e-01,-2.641074837113815410e-01,-2.820218657727662781e-01
1.539940532443054809e-02,1.360856866443088328e-02,1.209333962470774196e-02,1.055357903254280916e-02,8.909886359018341639e-03,7.146265510217627431e-03,4.681274376577586847e-03,-2.558783930502477500e-04,-1.070938830940758660e-02,-2.804424170264164032e-02,-5.083624510778925881e-02,-7.741231664321973627e-02,-1.062137609944516642e-01,-1.358435512417666136e-01,-1.651319170195573727e-01,-1.931505719503153196e-01,-2.191944727819466199e-01,-2.427919992075845135e-01,-2.636530669474918542e-01,-2.816480267935533854e-01
1.945094870065733686e-02,1.717264227081228764e-02,1.526606136573576550e-02,1.332992420876600269e-02,1.127429847070258485e-02,9.092067019190843910e-03,6.196222951419306547e-03,8.981896259875755528e-04,-9.739961166726051472e-03,-2.710946931465897658e-02,-4.988136162111895394e-02,-7.645353651091615910e-02,-1.052831113677976105e-01,-1.349689310398271003e-01,-1.643317752616955674e-01,-1.924354201151174393e-01,-2.185674615504639151e-01,-2.422520188964800147e-01,-2.631974327075213282e-01,-2.812727648849346895e-01
2.485630755373655076e-02,2.194789167828454027e-02,1.951450267436455333e-02,1.704593395329866840e-02,1.443581921361019975e-02,1.168769850570615561e-02,8.198477866211771603e-03,2.367440557949475419e-03,-8.599336826431620145e-03,-2.609198288333399590e-02,-4.888416907873510686e-02,-7.546891902072035141e-02,-1.043311774159579597e-01,-1.340720131774922885e-01,-1.635069598326533702e-01,-1.916956935597707856e-01,-2.179206939238145790e-01,-2.416992895304308220e-01,-2.627352074536611903e-01,-2.808945756322236420e-01
3.198040341932838204e-02,2.827566229930294703e-02,2.514300267406785819e-02,2.196879473168255811e-02,1.862310484108012712e-02,1.512220828741448093e-02,1.083617151399708656e-02,4.260581360731399876e-03,-7.214715140413071812e-03,-2.494944369415931160e-02,-4.782649677885927875e-02,-7.446360434199607303e-02,-1.033908374279597087e-01,-1.332162942962712149e-01,-1.627440280245324722e-01,-1.910200688896109278e-01,-2.173227411296213829e-01,-2.411725151424490843e-01,-2.622816621762193989e-01,-2.805173853450442789e-01
4.130803003628412406e-02,3.661539634384843728e-02,3.256237431709096963e-02,2.845966023516740759e-02,2.414670376067043489e-02,1.965392273633411943e-02,1.431211487178146030e-02,6.726941970420843679e-03,-5.481270088639227794e-03,-2.360274939963104626e-02,-4.662154593371001937e-02,-7.330210014244958883e-02,-1.022459824567525238e-01,-1.321032483369299348e-01,-1.617041876177802429e-01,-1.901009132664955303e-01,-2.165573725855475251e-01,-2.405580843166945648e-01,-2.617939962860228453e-01,-2.801299395909088719e-01
5.348807227142732268e-02,4.759037465553281332e-02,4.233435550442447154e-02,3.701214738629513001e-02,3.143209278388252315e-02,2.564526864420318616e-02,1.892445873947090976e-02,9.990619417065662450e-03,-3.276913227187163401e-03,-2.208248468149353466e-02,-4.551475536629302071e-02,-7.249850643836809605e-02,-1.016910323710394637e-01,-1.317329727734937728e-01,-1.614212794622633673e-01,-1.897990151109548718e-01,-2.161846125620766890e-01,-2.401296862169769175e-01,-2.613676045904268497e-01,-2.797536745709081618e-01
6.941146413576342045e-02,6.206196002357254604e-02,5.525103394941274781e-02,4.832986635177154849e-02,4.107030102476643546e-02,3.358289170485735664e-02,2.510401337009528222e-02,1.452312194207971627e-02,4.532974272084079522e-05,-1.940587465976925663e-02,-4.302158470501424303e-02,-6.995511183196116700e-02,-9.906218418820748883e-02,-1.291566958030021806e-01,-1.591312783470747172e-01,-1.879880947875400554e-01,-2.149081622661422886e-01,-2.392857242184837363e-01,-2.607988093735133517e-01,-2.793390176021572358e-01
9.036913435550146534e-02,8.126161059532074904e-02,7.245462687853029826e-02,6.351194455885841861e-02,5.404758376865079206e-02,4.418888221861633908e-02,3.309761107711396699e-02,1.984408450053800135e-02,2.987547761774306514e-03,-1.838403410311302902e-02,-4.346879250069857897e-02,-7.146748915764361554e-02,-1.011837803716680445e-01,-1.313636258251922040e-01,-1.609233890082369112e-01,-1.890499228062994530e-01,-2.152384011384442797e-01,-2.391236788271808300e-01,-2.604335253948638074e-01,-2.789558207856116523e-01
1.183657995791246448e-01,1.071593553026737033e-01,9.553119061293260939e-02,8.404541706095179643e-02,7.215625864901556441e-02,6.000953659634072207e-02,4.668331124241113100e-02,3.145510113936105662e-02,1.322309017674778119e-02,-8.867702946655637436e-03,-3.423545920669907733e-02,-6.245805570714229454e-02,-9.271040604568592247e-02,-1.239878676774146815e-01,-1.551777772161118674e-01,-1.851298293358578928e-01,-2.128957837988729451e-01,-2.378398808527854569e-01,-2.597069325384647187e-01,-2.784740440835032360e-01
1.560598904457972114e-01,1.436833719843735591e-01,1.277194478632518171e-01,1.113552937397647019e-01,9.418775559979543355e-02,7.651606306168375060e-02,5.744729858528094951e-02,3.663914592805286863e-02,1.353412768689633665e-02,-1.239052176514633501e-02,-4.038747511631360365e-02,-6.992202793570816144e-02,-1.001514280498004977e-01,-1.302602925157604341e-01,-1.595688468537604376e-01,-1.875279190860126288e-01,-2.137245748636211751e-01,-2.377743005060869441e-01,-2.593059797561041990e-01,-2.780340384002185639e-01
1.997647256073265543e-01,1.931124614915326609e-01,1.775724061324804870e-01,1.601479140446789573e-01,1.409484003469894386e-01,1.204608547216988457e-01,9.779525541937200694e-02,7.287168576299074552e-02,4.550978757129509750e-02,1.536341049110839276e-02,-1.683130594516146078e-02,-5.054421847684432284e-02,-8.490546430736747863e-02,-1.189950204067587169e-01,-1.519062090174653490e-01,-1.828108103059735423e-01,-2.110985777706546329e-01,-2.364211545473736686e-01,-2.586037451039709945e-01,-2.776268960970853517e-01
