-7.331436742375459052e-03,-6.537411059718888605e-03,-5.722020843688105894e-03,-4.891893295764168821e-03,-4.037242920435724081e-03,-3.150241562451657103e-03,-2.228014600071409178e-03,-1.263537642257311477e-03,-2.728785227883093320e-04,7.368048869371362315e-04,1.758563572591966126e-03,2.790029216116299629e-03,3.828330000471500891e-03,4.875206525947807859e-03,5.917653841853876689e-03,6.971193556806742735e-03,8.028251895652536649e-03,9.089272005117131348e-03,1.016354461754088133e-02,1.122555474159621890e-02
-6.083906500200637890e-03,-5.421650897533872825e-03,-4.740180218340741408e-03,-4.043537368987578165e-03,-3.321000538206339905e-03,-2.560807683280169004e-03,-1.754696215457827394e-03,-8.901630885454378224e-04,1.616407701799548978e-05,9.551806397490860898e-04,1.917499984919023969e-03,2.897792100932749301e-03,3.892815617080604487e-03,4.902337661091637697e-03,5.912216969695562215e-03,6.937458745301329846e-03,7.970396048708805470e-03,9.010626005776456449e-03,1.006745585081646362e-02,1.111308846746891787e-02
-4.893744127797798604e-03,-4.360170997885513822e-03,-3.810165393249497108e-03,-3.245811654437183620e-03,-2.656090404802037216e-03,-2.025958482672843980e-03,-1.340824801505656992e-03,-5.812422723542919403e-04,2.371385163423743664e-04,1.103130851639323642e-03,2.005052933420406296e-03,2.933109735722507373e-03,3.884809384416615212e-03,4.856961853464032003e-03,5.834524632755488417e-03,6.831930244367404731e-03,7.841455193196874077e-03,8.861848175075391978e-03,9.901968845979419037e-03,1.093167580441104479e-02
-3.958511266847833387e-03,-3.528403575734515886e-03,-3.084552760048497183e-03,-2.627909522062406647e-03,-2.147823827209966417e-03,-1.627431321772444556e-03,-1.046650426302700053e-03,-3.791840898068878042e-04,3.619059761381758630e-04,1.163950418570120372e-03,2.013353794759923515e-03,2.895771883133626233e-03,3.809863820503967859e-03,4.749514331482481908e-03,5.699056998964812000e-03,6.672406307042404172e-03,7.661851112214197040e-03,8.665468376818516449e-03,9.691489117604061218e-03,1.070751849358219342e-02
-3.239858020398917338e-03,-2.891003663957986310e-03,-2.530767206260026159e-03,-2.159492398339073367e-03,-1.767301938149679237e-03,-1.336734086862068549e-03,-8.435877153718011022e-04,-2.554834759421134994e-04,4.182802875865091721e-04,1.164424590358091897e-03,1.967682822625266194e-03,2.809928684232649437e-03,3.690653125179856400e-03,4.601386656543063683e-03,5.526058243857356542e-03,6.478010188540620808e-03,7.449651243630370928e-03,8.438539930541300374e-03,9.452421068260677406e-03,1.045656241954897106e-02
-2.688547867564847552e-03,-2.403531061448840357e-03,-2.109118548200912286e-03,-1.805349229154316979e-03,-1.483305737103488139e-03,-1.125791067516955903e-03,-7.059035931432370214e-04,-1.863020624328654701e-04,4.281600422459072596e-04,1.124541491290089292e-03,1.886064240868132744e-03,2.692040951470901344e-03,3.542076638735031785e-03,4.426132617742593346e-03,5.327984384147718862e-03,6.260176132499518410e-03,7.215391781380368214e-03,8.190770231674748825e-03,9.193920810522955567e-03,1.018767535655428109e-02
-2.269512631718425405e-03,-2.034582168975857669e-03,-1.791887179208967364e-03,-1.541333971808514719e-03,-1.275013554127882873e-03,-9.765501219755976653e-04,-6.176087330398856955e-04,-1.571689398982604958e-04,4.045965409955767467e-04,1.055986912622596495e-03,1.778860098867853087e-03,2.551384804963917861e-03,3.372421495222610328e-03,4.231174337627854366e-03,5.111592490575247831e-03,6.025046041976522999e-03,6.964686234983149572e-03,7.927288036818476435e-03,8.920757037488128566e-03,9.905601282206546315e-03
-1.958907964143099742e-03,-1.762967590782963398e-03,-1.560578273901174710e-03,-1.351614507911682011e-03,-1.129143745155473987e-03,-8.779407942479678642e-04,-5.692797262244717353e-04,-1.597675999271861661e-04,3.549743533463257570e-04,9.652635411846887011e-04,1.651772455418609427e-03,2.392954068748850017e-03,3.186112556166075058e-03,4.020421548946878122e-03,4.880404955307421355e-03,5.775799305610764857e-03,6.700421013761106645e-03,7.650716022402388218e-03,8.635274176655757805e-03,9.612825144782849093e-03
-1.740436002969666116e-03,-1.574337948447004400e-03,-1.402833321832560850e-03,-1.225826791249266150e-03,-1.037288263571523473e-03,-8.233142353220406200e-04,-5.555952696991888536e-04,-1.896005653423762124e-04,2.831971825317317602e-04,8.557340126844059647e-04,1.507730235301482169e-03,2.219223925922401020e-03,2.985333555750232463e-03,3.795775727278600988e-03,4.636097242398515804e-03,5.513943902295351598e-03,6.423959190318527350e-03,7.362295992197671717e-03,8.338458017854863402e-03,9.310566922705446058e-03
-1.603188575721373318e-03,-1.459224016221869402e-03,-1.310660413322648193e-03,-1.157474067520229558e-03,-9.944447868832843700e-04,-8.090565875504273112e-04,-5.740087762400931286e-04,-2.447362690894959209e-04,1.908504278873539978e-04,7.286986278421358739e-04,1.347872912180813698e-03,2.031070264494002492e-03,2.770864650559965760e-03,3.557903528287083630e-03,4.379214481924083302e-03,5.239982040281117651e-03,6.135765012838865877e-03,7.062474884593641401e-03,8.030509529689415504e-03,8.999297476089702236e-03
-1.540495683911434011e-03,-1.412001719974986932e-03,-1.279513319419045819e-03,-1.143109800859085437e-03,-9.982833494335508710e-04,-8.339046768018755062e-04,-6.240896292965672021e-04,-3.251817078893471454e-04,7.778266010929855696e-05,5.839348059466784643e-04,1.172039004146468479e-03,1.828234837784809821e-03,2.542504501684644033e-03,3.306627914612316789e-03,4.109541755243095035e-03,4.953752779662865154e-03,5.835728711776859770e-03,6.751211981839339016e-03,7.711173499768715980e-03,8.679008145259693371e-03
-1.549333768467454128e-03,-1.430370566697175333e-03,-1.307839468181914121e-03,-1.181950403322314319e-03,-1.048812750895737177e-03,-8.986434683984068344e-04,-7.072306314475756408e-04,-4.325998187809488942e-04,-5.763414812318795442e-05,4.199385768702375223e-04,9.789813360634109021e-04,1.609541019382174174e-03,2.299266577856275313e-03,3.041112889853103424e-03,3.826288824419648606e-03,4.654600744288738337e-03,5.523327504098208239e-03,6.428132472476973808e-03,7.379937236324328638e-03,8.349348982292352853e-03
-1.630066126267203834e-03,-1.515136623273061678e-03,-1.396905572412663211e-03,-1.275741394202522345e-03,-1.148281303256063835e-03,-1.006026968234615456e-03,-8.265718781329822479e-04,-5.702329754919271965e-04,-2.184385905033517806e-04,2.339838010536336081e-04,7.664145790289653842e-04,1.372955316260944872e-03,2.039438188534325059e-03,2.759923773060544028e-03,3.528163783589114560e-03,4.341441936759901123e-03,5.197687996420292077e-03,6.092586747017588074e-03,7.036147577166325558e-03,8.009693764219680615e-03
-1.786413790034363383e-03,-1.670207415777281469e-03,-1.550816825445310628e-03,-1.428800055029361962e-03,-1.301239853825013988e-03,-1.160852621180527566e-03,-9.870732985175856376e-04,-7.429689146304979588e-04,-4.091488861544723046e-04,2.205270691364097162e-05,5.309434749344205421e-04,1.115536867309433995e-03,1.760542080912906289e-03,2.461000619227297556e-03,3.213369856937514212e-03,4.012762112488769614e-03,4.857584597200873683e-03,5.743647506153449177e-03,6.679062863109190389e-03,7.659163755475236271e-03
-2.025620448526267887e-03,-1.902766380650344757e-03,-1.776701103708778649e-03,-1.648209110264713898e-03,-1.514743382608668308e-03,-1.370165346109533189e-03,-1.195711252860661789e-03,-9.575248520755981919e-04,-6.359433325134443296e-04,-2.213403906413421551e-04,2.678913151070386341e-04,8.332906806332089590e-04,1.459215440287891900e-03,2.141559857109094547e-03,2.879539046746160298e-03,3.666565199874764844e-03,4.501394177650732374e-03,5.380065800050938540e-03,6.307843412586479348e-03,7.296628688853356616e-03
-2.358814490874701006e-03,-2.223631234806101430e-03,-2.085063692500401054e-03,-1.944167717820915889e-03,-1.798697445569287122e-03,-1.643596150897557243e-03,-1.461801981824228892e-03,-1.222750972161037531e-03,-9.069514568601890273e-04,-5.034306095909402493e-04,-2.896985010538544571e-05,5.209241743674618503e-04,1.131005050610115305e-03,1.797924387436552465e-03,2.523603012338615503e-03,3.300276918810010705e-03,4.127017352955878252e-03,5.000200636535353724e-03,5.921482917734617948e-03,6.920695420794787181e-03
-2.801607954162921212e-03,-2.647835237876116667e-03,-2.490350596620029971e-03,-2.330536684369982799e-03,-2.166384739199175759e-03,-1.993868067110890398e-03,-1.797481286820351402e-03,-1.550079459745862037e-03,-1.232678255471344022e-03,-8.336081310745532347e-04,-3.678037958355284340e-04,1.714911630599957242e-04,7.700620225926163229e-04,1.425267800507209158e-03,2.141589179138935189e-03,2.910596525003136554e-03,3.731766340473848843e-03,4.601929131956503279e-03,5.518690394012254821e-03,6.529690297078045644e-03
-3.375027412239362500e-03,-3.195523018591535890e-03,-3.011808593970997320e-03,-2.825662336607440758e-03,-2.635252102595779782e-03,-2.437544960379130210e-03,-2.218410466119899276e-03,-1.954183475144342236e-03,-1.626619604702893166e-03,-1.223999055659960719e-03,-7.592546391738812543e-04,-2.241167857222787238e-04,3.686970703086058583e-04,1.017237558330438786e-03,1.728313143817419547e-03,2.493273619902891015e-03,3.312206008524093588e-03,4.182533687211555454e-03,5.097742114097456902e-03,6.121640370534758499e-03
-4.106978225305983783e-03,-3.893354575252078956e-03,-3.674827544862635346e-03,-3.453656145908408880e-03,-3.228126177755190340e-03,-2.996181996559804401e-03,-2.744857045183684337e-03,-2.453984053836304104e-03,-2.106195546789621769e-03,-1.690335346556993230e-03,-1.217252779596478349e-03,-6.779202333591131079e-04,-8.328508042394402045e-05,5.653845307353604381e-04,1.276907942119203700e-03,2.042761064247296861e-03,2.863915007051288670e-03,3.738548974658962871e-03,4.656326681482537630e-03,5.694261209337619228e-03
-5.034656824092351851e-03,-4.776815839185375064e-03,-4.513146461386233904e-03,-4.246494107809088876e-03,-3.975203439043449236e-03,-3.698204477004481561e-03,-3.403456921766980035e-03,-3.074290764384582462e-03,-2.694265521438146075e-03,-2.253353752440780729e-03,-1.760297498200065480e-03,-1.206031212036450884e-03,-5.996387556564172078e-04,5.825354745576029634e-05,7.780710068199665460e-04,1.551647736881490037e-03,2.381099906972625711e-03,3.265531432271812865e-03,4.191395549852286635e-03,5.244964463932786682e-03
-6.208686016545372430e-03,-5.894181223880948575e-03,-5.572638039269960965e-03,-5.247618629232933020e-03,-4.917463892140806932e-03,-4.582129672001659937e-03,-4.230235960341794527e-03,-3.848615954824854708e-03,-3.421725075716932751e-03,-2.941179312754456376e-03,-2.413625661428936333e-03,-1.830620897855492028e-03,-1.199428790519805211e-03,-5.201304276091816203e-04,2.188121826261874524e-04,1.009700701584378144e-03,1.855943147972732681e-03,2.757685392091784558e-03,3.699006378368912499e-03,4.770908860884316878e-03
-7.699750049829447857e-03,-7.312883157663349447e-03,-6.917403546692851499e-03,-6.517749795748605662e-03,-6.112187949108886798e-03,-5.701781579559425141e-03,-5.275508029020336415e-03,-4.823742602944445894e-03,-4.331721770979696934e-03,-3.793181794945921226e-03,-3.212699712522228569e-03,-2.583045893508722265e-03,-1.909785392914057842e-03,-1.192623918960066540e-03,-4.194794206125510277e-04,4.023914905993644002e-04,1.277615771053390364e-03,2.207336987930765253e-03,3.174190327770828619e-03,4.269198477443047861e-03
-9.602881331612035318e-03,-9.123697106789846120e-03,-8.633848232394172872e-03,-8.138839032132581461e-03,-7.636773681997994882e-03,-7.129957875356524380e-03,-6.607369014607197485e-03,-6.063014830258809870e-03,-5.482696608034602279e-03,-4.862728492416032618e-03,-4.205640950817497725e-03,-3.505942142210693481e-03,-2.767643022510504498e-03,-1.990326631835583580e-03,-1.161974333488467173e-03,-2.895986736913084289e-04,6.322645067336710861e-04,1.605399389341539019e-03,2.611820245653026073e-03,3.738174682212754528e-03
-1.198586717712626752e-02,-1.139175964992145997e-02,-1.078436614477827453e-02,-1.017044236466148679e-02,-9.547824615776608417e-03,-8.920226851352814484e-03,-8.276207315383771884e-03,-7.613486215576181944e-03,-6.918083871886072239e-03,-6.189289865915770239e-03,-5.427646708254627202e-03,-4.629826233306723847e-03,-3.798452069040739610e-03,-2.933330700103152586e-03,-2.023074867539461849e-03,-1.074898138722113136e-03,-8.320537269142214403e-05,9.536669495230071366e-04,2.017573903528657644e-03,3.187667935149603084e-03
-1.444979582361720361e-02,-1.373794213416498072e-02,-1.301004568582802938e-02,-1.227406285391540591e-02,-1.152750039952353187e-02,-1.077542557053038849e-02,-1.000566520157854591e-02,-9.219171127986522385e-03,-8.401780829231982745e-03,-7.555604553386931384e-03,-6.679567724789503558e-03,-5.772474484969042016e-03,-4.835931072628252281e-03,-3.870299312534668506e-03,-2.865099892095520143e-03,-1.828332033648011248e-03,-7.549752366385961569e-04,3.557339920913555231e-04,1.485520766209314685e-03,2.706388847448366799e-03
