1.088107279339679129e-01,9.997518005662869855e-02,8.890071679124839088e-02,7.704894597678824120e-02,6.464544105663504181e-02,5.120675702140944918e-02,3.711512770811142142e-02,2.196375279644299100e-02,6.010579562584810603e-03,-1.038467765633805176e-02,-2.699917710532748205e-02,-4.362459619837453367e-02,-6.006093354024523434e-02,-7.617211095615679384e-02,-9.178418407714843130e-02,-1.068307897460790135e-01,-1.212208713327164317e-01,-1.348585088595630199e-01,-1.477763570439190877e-01,-1.597840494905969355e-01
8.651711670847289648e-02,7.784640109309098888e-02,6.852620888203680982e-02,5.880195181837678114e-02,4.873435040096278648e-02,3.780076771074452474e-02,2.619196569908611646e-02,1.336800931953887640e-02,-5.364660616096925908e-04,-1.517502346833923474e-02,-3.030589757437906345e-02,-4.570146263962167332e-02,-6.113195706595502682e-02,-7.644021336123300869e-02,-9.141953013219476787e-02,-1.059963279701573724e-01,-1.200529067402764521e-01,-1.334665338168423421e-01,-1.462604203288973004e-01,-1.582344376462240243e-01
6.702605524752318356e-02,5.990555351678558682e-02,5.262565106452455482e-02,4.501993608314496659e-02,3.713123898374885018e-02,2.845850207470675824e-02,1.902458945396526616e-02,8.181639271000672523e-03,-4.052677079884098657e-03,-1.732590631649629995e-02,-3.135219822034938930e-02,-4.586420884530000019e-02,-6.059169287989945446e-02,-7.535100475587155899e-02,-8.990539836076312519e-02,-1.041751033251055447e-01,-1.180237795422184738e-01,-1.313166734180624406e-01,-1.440661048676923350e-01,-1.560783268674922897e-01
5.240230790182923148e-02,4.671915862614593046e-02,4.100639098633414303e-02,3.502959545852086382e-02,2.882131166589473048e-02,2.191591877380121359e-02,1.420854879595311038e-02,4.963369047352004723e-03,-5.919054577985547426e-03,-1.809240970328011844e-02,-3.123040567964859016e-02,-4.503074562680967757e-02,-5.919081737515520525e-02,-7.350789593781158204e-02,-8.772540334186582078e-02,-1.017568421768092479e-01,-1.154551898657191072e-01,-1.286818206974983669e-01,-1.414328933030008506e-01,-1.535284676458805730e-01
4.143583706400646299e-02,3.689663681340150936e-02,3.239148901490864624e-02,2.767773978278494432e-02,2.277405869759292420e-02,1.725829801017197615e-02,1.093670030514366266e-02,3.005499034396942777e-03,-6.748206000782150035e-03,-1.799910046957379703e-02,-3.038736612789690039e-02,-4.358238762094936158e-02,-5.725573348662827550e-02,-7.119210435574872819e-02,-8.512196741592692462e-02,-9.895169358449190655e-02,-1.125305157175668785e-01,-1.257191960265792718e-01,-1.384963588440401849e-01,-1.506999593732516740e-01
3.315644037562894691e-02,2.952124622829331579e-02,2.595281694989072171e-02,2.221765199078364061e-02,1.832618137183425130e-02,1.390306680478104254e-02,8.698031318794671382e-03,1.860794098650172916e-03,-6.926551490871492300e-03,-1.737389486925400989e-02,-2.909781959114772151e-02,-4.174815067711170474e-02,-5.497711573489539455e-02,-6.856334835292361707e-02,-8.222903312887278049e-02,-9.587376027758721941e-02,-1.093484183673949228e-01,-1.225130512550081097e-01,-1.353294042866942659e-01,-1.476551463762669769e-01
2.693671101312743524e-02,2.401337758993261906e-02,2.116818842043928506e-02,1.818827087928378758e-02,1.508008267474172416e-02,1.151382286803138977e-02,7.208211220866527283e-03,1.287852774822198076e-03,-6.657508559509093919e-03,-1.638499811419742019e-02,-2.749930153203074615e-02,-3.964048467336159232e-02,-5.244749561592573772e-02,-6.569878454602737228e-02,-7.911127236504357507e-02,-9.257855364962419564e-02,-1.059571587811687365e-01,-1.191049434838634680e-01,-1.319683649247005153e-01,-1.444253440897398377e-01
2.235647656551828857e-02,1.998689886418238484e-02,1.769468894643128412e-02,1.529279183206959380e-02,1.278589332038431760e-02,9.886313355939781861e-03,6.301365758315664346e-03,1.150469233000932885e-03,-6.053184256429288042e-03,-1.512289767614689341e-02,-2.566386210296325160e-02,-3.731665482892700808e-02,-4.971268617398867662e-02,-6.263545061069811237e-02,-7.579878330460380897e-02,-8.909140970412611493e-02,-1.023782683470096377e-01,-1.155131869932424504e-01,-1.284292900083311983e-01,-1.410244077692741904e-01
1.912611400146059862e-02,1.717819385480055805e-02,1.530163358321194426e-02,1.333508124053319789e-02,1.128267130503399392e-02,8.894495919764097008e-03,5.881047992996603704e-03,1.373956438998316393e-03,-5.172480462897936261e-03,-1.363317995996390745e-02,-2.362606480461307973e-02,-3.480251617676093784e-02,-4.679195010589035780e-02,-5.938748650764282683e-02,-7.230179497540846489e-02,-8.542018564415691795e-02,-9.861779519064668709e-02,-1.117424528755407015e-01,-1.247162285514297198e-01,-1.374558425086251923e-01
1.704850568028249899e-02,1.541029060976376562e-02,1.383675636069304007e-02,1.218864253246737875e-02,1.047030324903510702e-02,8.464928581894558615e-03,5.896759672492384377e-03,1.923961927895274362e-03,-4.039730256846787819e-03,-1.193269244030640067e-02,-2.139687298961531065e-02,-3.210437695418779519e-02,-4.368811290760681032e-02,-5.595483265646867405e-02,-6.861811402635341339e-02,-8.156169776395602589e-02,-9.467204581869244351e-02,-1.077887084712702004e-01,-1.208255066821991991e-01,-1.337164696603680147e-01
1.599927311302835886e-02,1.457396923173783811e-02,1.320885724830615955e-02,1.178106972552734645e-02,1.029572912080932434e-02,8.564470011689206269e-03,6.332763320232166239e-03,2.796382919837126640e-03,-2.653493832101948800e-03,-1.001711002831879270e-02,-1.897014363124908953e-02,-2.921459173429169845e-02,-4.039239544308377561e-02,-5.232749368200877854e-02,-6.473687658511899368e-02,-7.750502168616038579e-02,-9.053054072469242375e-02,-1.036418436318890662e-01,-1.167480261000216346e-01,-1.297983721042746119e-01
1.591631221223240716e-02,1.461783864355397505e-02,1.337897308276209292e-02,1.208640533070410097e-02,1.074646908052631286e-02,9.194787208765558065e-03,7.203244905043431831e-03,4.013084083122097842e-03,-9.901668623052738497e-04,-7.863947016228545889e-03,-1.632521352689458513e-02,-2.611387209213059460e-02,-3.688650576511967594e-02,-4.848750291883904828e-02,-6.064039438512685426e-02,-7.323316624223065452e-02,-8.617748071757623529e-02,-9.928707170488908218e-02,-1.124705187058928912e-01,-1.256899496536961203e-01
1.679489043300720977e-02,1.554385218400673556e-02,1.435663695178124137e-02,1.312218804203717226e-02,1.184845345759026440e-02,1.039085159375052227e-02,8.551220962586498359e-03,5.621094440036032008e-03,9.955871014411085858e-04,-5.432708048184302536e-03,-1.342698403597904211e-02,-2.277148159331719018e-02,-3.314297509243115808e-02,-4.440942357748278724e-02,-5.630480051797782937e-02,-6.872374397085043163e-02,-8.159229423414156301e-02,-9.470558100186454720e-02,-1.079761732751150227e-01,-1.213764751391343127e-01
1.868673341707221061e-02,1.740674176609191548e-02,1.619978230634691249e-02,1.494985093465440139e-02,1.366691237119793852e-02,1.222225163344508800e-02,1.045008762724891800e-02,7.694280725315554535e-03,3.372704230454924481e-03,-2.662899677745932982e-03,-1.022406943494453928e-02,-1.914375262271526129e-02,-2.912410429195145742e-02,-4.005970889231073168e-02,-5.169976786668298990e-02,-6.394890281514009622e-02,-7.674954046981856404e-02,-8.987465241491308932e-02,-1.032448272985795057e-01,-1.168403371967954019e-01
2.170245731926635779e-02,2.031677042879464351e-02,1.901774734880564560e-02,1.767798643047490889e-02,1.630989592768396571e-02,1.479692617917801808e-02,1.300743225089670205e-02,1.033714176711560649e-02,6.237571331012444799e-03,5.298513737410679532e-04,-6.645155102888952378e-03,-1.517098334552118011e-02,-2.477954941459569252e-02,-3.539495836645569632e-02,-4.678733801760998068e-02,-5.887459050834443347e-02,-7.161830009123353047e-02,-8.476733635132702172e-02,-9.825281406083213875e-02,-1.120610522870475606e-01
2.601711362493991375e-02,2.444564693839166789e-02,2.297728055894163179e-02,2.146843310665287954e-02,1.993442620967901535e-02,1.826734701619268583e-02,1.637114185156389803e-02,1.369075697290862183e-02,9.719889852507527031e-03,4.259620449407030239e-03,-2.593453463316944610e-03,-1.077252811881976996e-02,-2.004233373470215226e-02,-3.035889056239945635e-02,-4.151972338187130684e-02,-5.345907847425190179e-02,-6.616109082987658985e-02,-7.935171680015318252e-02,-9.297250707336794651e-02,-1.070150741520794896e-01
3.187877633754562789e-02,3.003567619475237122e-02,2.831171208949244053e-02,2.654542783750345539e-02,2.475558928198677219e-02,2.283950342803179809e-02,2.073817966226520343e-02,1.794126146386792325e-02,1.399090758429535550e-02,8.678281767062931765e-03,2.061104479648054582e-03,-5.839657697280693956e-03,-1.482282107341618971e-02,-2.487760578132792305e-02,-3.583574370466060394e-02,-4.765050777862345904e-02,-6.033223514894016370e-02,-7.358973772791574386e-02,-8.737159100178547300e-02,-1.016754215331076294e-01
3.962010891168469412e-02,3.741234604505217637e-02,3.533367592142960117e-02,3.320836115219122364e-02,3.105923037423750227e-02,2.878544753438452494e-02,2.636684619722358056e-02,2.333169188939183611e-02,1.927485248793183586e-02,1.398666864154548758e-02,7.492708810263438643e-03,-2.253975168959483090e-04,-8.999807813910224233e-03,-1.885233247896871481e-02,-2.965523597570739189e-02,-4.138296430840748136e-02,-5.407542245493261734e-02,-6.743548978400856764e-02,-8.141209611912730848e-02,-9.601120230617554707e-02
4.967271985516638622e-02,4.700062324027440286e-02,4.445206364534008692e-02,4.184914989914900046e-02,3.921953722197661640e-02,3.646090129497681076e-02,3.359417425382943412e-02,3.017894496511585450e-02,2.586533876213812852e-02,2.045051341622173072e-02,1.393516906574037220e-02,6.270224331904832200e-03,-2.407157311311307942e-03,-1.214814046486750211e-02,-2.287015121546650057e-02,-3.457009867611066101e-02,-4.731984979927760654e-02,-6.083270044862980341e-02,-7.504923000226201846e-02,-8.998723776791466011e-02
6.258379345538087057e-02,5.934523651202425198e-02,5.619440171952586743e-02,5.297620198322692403e-02,4.972411063984804452e-02,4.633101969184659497e-02,4.286190611459973765e-02,3.889953638241226697e-02,3.415055017267305815e-02,2.842493618841647821e-02,2.170566899821685380e-02,1.392290067796185180e-02,5.187245314696485067e-03,-4.575585572316635125e-03,-1.532970081419685569e-02,-2.709422981606553552e-02,-3.997355112069521377e-02,-5.371081004270875092e-02,-6.822995998357875291e-02,-8.356416129296437290e-02
7.903306089872039197e-02,7.513475033113392598e-02,7.123635402195535593e-02,6.724855462321298327e-02,6.321171632232580606e-02,5.901080589552883116e-02,5.475848908024957828e-02,5.005224910728501425e-02,4.465565054523308597e-02,3.839597285999445109e-02,3.124498399820197295e-02,2.312243283648442518e-02,1.411732068764057733e-02,4.141209297386976886e-03,-6.813870166067621977e-03,-1.878638160759080536e-02,-3.191067074279040766e-02,-4.597796523376784794e-02,-6.089080740429737848e-02,-7.669932472942302126e-02
9.983531895270103540e-02,9.522299407350540146e-02,9.043699938857889531e-02,8.552301661818023648e-02,8.052940508572536960e-02,7.533032085161232849e-02,7.009000288641389909e-02,6.441279076479138055e-02,5.811909889730926954e-02,5.105666822013828210e-02,4.319177700101808903e-02,3.444376820869099465e-02,2.488517604229851035e-02,1.442423694645904829e-02,3.016936307128125026e-03,-9.387579373887176490e-03,-2.294597032233136255e-02,-3.750769432536741471e-02,-5.295422362304286201e-02,-6.934973393678697806e-02
1.257953163676110708e-01,1.205529801186297906e-01,1.148188271548909872e-01,1.088771559064720257e-01,1.027898325435538662e-01,9.641955902064409945e-02,8.998522415608786740e-02,8.309331916126613815e-02,7.562104933113591998e-02,6.743929847668460320e-02,5.851440003218724012e-02,4.877487951526879306e-02,3.828236995329859643e-02,2.695344780513506816e-02,1.472075222309905500e-02,1.533192656545984741e-03,-1.277282748361989462e-02,-2.809828201930122255e-02,-4.430620429544447625e-02,-6.146436470574296457e-02
1.564706630868622494e-01,1.510109540917273230e-01,1.446166174399464988e-01,1.378524970412257078e-01,1.307958765276585889e-01,1.232985321673550350e-01,1.156285628033604379e-01,1.073955308950968329e-01,9.853125695480574597e-02,8.893153900962703917e-02,7.856901358381773726e-02,6.739203266420078220e-02,5.546127604980310294e-02,4.271768473319584314e-02,2.909327860731212093e-02,1.456083613760924059e-02,-1.018546714901308672e-03,-1.756055258511973749e-02,-3.490251413366857874e-02,-5.309675961128924870e-02
1.845283131463245629e-01,1.794696598960299760e-01,1.733583841185082353e-01,1.667096294731986450e-01,1.595740990939459869e-01,1.517838491996416628e-01,1.436201425349933891e-01,1.346917262916218494e-01,1.249606988060395774e-01,1.143298225852727723e-01,1.027653868592551673e-01,9.022396447794005236e-02,7.675979644194463880e-02,6.233696647322399531e-02,4.690339473077136806e-02,3.048025942010279196e-02,1.299754390316506386e-02,-5.400168097356680338e-03,-2.447593440196292949e-02,-4.421624088688816401e-02
