3.406590144562118491e-03
2.013544473433637530e-02
1.156329062944959213e-01
6.539572403095245123e-01
3.625991025792185241e+00
1.885286334599900471e+01
8.584676045782201470e+01
3.013367025583194163e+02
7.323439707895781794e+02
1.346656426933392595e+03
2.071759197094140745e+03
2.851614699197814844e+03
3.642973631182158897e+03
4.413261335817714098e+03
5.139575426557161336e+03
5.815665853743296793e+03
6.437841148433442868e+03
7.005510017708706073e+03
7.522425717605779937e+03
7.993171202475246901e+03
