3.741219563587889086e-03
2.116479827467628375e-02
1.185599338504818440e-01
6.526925653408170991e-01
3.503126764645380309e+00
1.756210644386426623e+01
7.594196695289461729e+01
2.482871374541128375e+02
5.658124929951009108e+02
9.903467107699628968e+02
1.465985871482528864e+03
1.964534969620687662e+03
2.465286250601602660e+03
2.960850058064894256e+03
3.443089647638656970e+03
3.910695171276392557e+03
4.360824513305381515e+03
4.792510038369684480e+03
5.223654984823938321e+03
5.618174045418820242e+03
