7.826621501703745574e-04
5.800751241079649123e-03
4.003157057346193315e-02
2.750803759455630604e-01
1.857765230771802223e+00
1.227380987069300033e+01
7.536536673373372253e+01
3.855646698670239516e+02
1.386676640270065946e+03
3.550038931451507779e+03
7.087039895860238175e+03
1.199104594271525821e+04
1.819496583177069624e+04
2.531997449385806249e+04
3.308779512494243681e+04
4.136277395976172556e+04
4.968011168223349523e+04
5.801709334851254971e+04
6.574955674833903322e+04
7.267980873004684690e+04
