6.480840827876528376e-01,7.396487307520968058e-01,7.237758193175956034e-01,6.735099049949475614e-01,6.107403316417637784e-01,5.289549393240782216e-01,3.266595836800156860e-01,-2.325918176067500176e-01,-7.610159111707968105e-01,-7.724416318684150795e-01,-7.182213244596199475e-01,-7.643018177291187598e-01,-6.693350073725434779e-01,-7.459942984937731891e-01,-5.984683384932961703e-01,-7.242268934674118697e-01,-5.274495711900499817e-01,-7.320795454820990811e-01,-2.793030991312486222e-01,-7.662830403196758677e-01
4.832743796926673441e-01,5.485364060033519618e-01,6.421185584282653735e-01,7.508813658951163372e-01,7.106078201637490155e-01,7.732772886910511678e-01,6.952421487389525145e-01,7.545816509998911625e-01,3.022089839243444764e-01,7.710990262682758667e-01,5.551202361362914672e-01,7.640612490782034971e-01,6.118979055673304801e-01,7.570841835769218653e-01,6.333637935019601484e-01,7.137886283424603739e-01,7.731664233008855858e-01,7.559669486323200571e-01,7.357663195132129186e-01,7.331169810117794672e-01
3.407272567200543834e-01,3.077394109392098120e-01,7.359438133321061226e-02,-7.506701658192074245e-01,-2.892401012975793773e-01,-7.488664647326483959e-01,-2.256709870212414426e-01,-6.989437600994465871e-01,-2.844235470763625262e-01,-7.618804837817726439e-01,-5.402898431262370682e-01,-7.602558928077254308e-01,-5.774322329004302201e-01,-5.467305114989962078e-01,-3.160871834021761195e-01,-3.860908708248289023e-01,-5.115394845976585225e-01,-6.503141320509242540e-02,1.209738219858243341e-01,-7.067806520315954577e-01
2.410995956838546117e-01,1.966536854313475080e-01,1.566530536757221870e-01,6.416948937570813305e-01,5.325865892758248066e-01,6.471388042317325340e-01,3.154406998789691663e-01,7.279247876412677787e-01,4.770506422178131256e-01,7.472672315729931292e-01,5.387731152894070785e-01,7.657283737221769471e-01,7.761485128802307898e-01,6.883231980423827334e-01,7.415754403019534369e-01,5.708990703999079486e-01,7.702856585381837595e-01,7.196447564726471402e-01,7.319572247166965528e-01,7.687950925138824498e-01
1.705944966707525490e-01,1.273183911333817253e-01,1.055109646038435434e-01,1.123684294490474439e-01,-5.817734025590121094e-01,-7.764306404131220418e-01,-3.685460654123258184e-01,-7.660378470003139650e-01,-4.036515976599961419e-01,-6.289285217441338283e-01,-9.248231163685716183e-02,-7.752847745627552412e-01,-7.227657960291669070e-01,-2.697684749390818482e-01,-2.794145924899968936e-01,-5.575298309498045723e-01,-6.859246909388673208e-01,-6.605866587996702677e-01,-3.304902422526301287e-02,-5.189005735174487821e-01
1.198250590230483664e-01,8.086289770564460133e-02,6.210264203002574535e-02,2.851890220625531713e-02,-9.793576767401543370e-02,1.970058872099954839e-01,6.770179841967502998e-01,7.686540002110275882e-01,7.762955678622932565e-01,7.534100860063279725e-01,7.750703190536767373e-01,7.536977907543946920e-01,7.044786649893636232e-01,7.132232616672354863e-01,5.703146789219971646e-01,2.382131507414969041e-01,-7.660792376469989229e-01,-3.202120917902107067e-01,-7.180566842556834750e-01,-5.027198299118800229e-01
8.322376799433042760e-02,5.085398930502295356e-02,4.103651944839943611e-02,4.438771631054243966e-02,1.846935038234454041e-01,7.711687660736357142e-01,7.635320583018202489e-01,7.713154765263565693e-01,7.718775029043727365e-01,7.723075734665936221e-01,7.765673507675183718e-01,7.765030468633582483e-01,7.608231761520971581e-01,7.227754927421116138e-01,7.533192899160574552e-01,7.327780555221335979e-01,7.407459803158111811e-01,7.572064560699345304e-01,6.723696918077904927e-01,7.090562784493159576e-01
5.710658890109795299e-02,3.181930206202532307e-02,2.863725774257074724e-02,3.391384023405982773e-02,4.282740615148596802e-02,-3.829865215753832097e-01,-6.714956850864289839e-01,-2.158699915590975849e-01,-6.968121507314994911e-01,-1.259004173705848828e-01,-6.390210220402298136e-01,-8.892208606643881019e-02,-7.593284705252234534e-01,-6.418317371922268588e-01,7.060924628923093138e-02,-6.963400961202189654e-01,-1.671612933988868566e-01,-4.381428127457352717e-02,-2.212712983355069885e-01,2.754624878971718704e-01
3.891517101898214065e-02,1.997086414650969116e-02,2.090770422278624002e-02,2.445824994446049380e-02,2.275118423128217118e-02,-8.148617643117462422e-03,6.178493474343231817e-01,5.844033842584253069e-01,7.418239603858943765e-01,2.912458734398464255e-01,6.931614620650530245e-01,4.120070765456367301e-01,7.690717356090517320e-01,6.543207414025903335e-01,6.226522966156105010e-01,7.497398118421164659e-01,6.837491951131017265e-01,7.523882316590992936e-01,7.038872258118868963e-01,7.149011371024027728e-01
2.688681737197619673e-02,1.289830945376842404e-02,1.634025368161066971e-02,1.896545203923250336e-02,2.031909098628242177e-02,2.738824708906774374e-02,3.181602525426265732e-02,-7.468957672579921159e-01,-7.742380025533766030e-01,-7.503881467324563515e-01,-7.606428872534818364e-01,-7.363372918912011178e-01,-7.541745675051598763e-01,-6.588017428693776489e-01,-7.749823169622100938e-01,-6.041983725517484638e-01,-7.756233963375556151e-01,-3.157286740992404361e-01,-7.603535817805342489e-01,-2.678949578329292702e-01
1.987524579271719369e-02,9.132747649675010057e-03,1.404498815146626618e-02,1.615153106394907195e-02,1.806474338944431476e-02,1.406042335517585298e-02,-8.054620639072719579e-02,-3.878074065479839572e-01,-7.712620284126655568e-01,-7.741386714279400172e-01,-7.443797023167627591e-01,-7.731956761913169052e-01,-6.907444259283763710e-01,-7.712966390055573385e-01,-6.441219748326375560e-01,-7.713871285738898020e-01,-4.782980334514357335e-01,-7.253806541628023963e-01,-3.827249290031360385e-01,-6.945133769118971845e-01
1.724646884059433810e-02,7.876189814031719222e-03,1.353626144891371431e-02,1.539925439783743598e-02,1.721929568232137206e-02,1.195809843622168932e-02,-2.500392383271627522e-02,1.382174347437465090e-01,5.873081730367857300e-01,6.311598449759062701e-01,3.060119022750580342e-01,7.094199041207737144e-01,2.708319437620050341e-01,7.749690418435390971e-01,3.722293388515567347e-01,7.764364807016885806e-01,5.371584256082664321e-01,7.672643683773940904e-01,5.630257987298310507e-01,7.739045533102157925e-01
1.882527292836200239e-02,8.865076004515847277e-03,1.467349689766213501e-02,1.658751734665282751e-02,1.839135650928828622e-02,1.428044586795232558e-02,-6.132312731850259220e-03,-2.266103322985750772e-03,-5.350694320131800241e-01,-7.734331404648280284e-01,-7.496732675944480784e-01,-7.730425253168115018e-01,-6.999185083780163907e-01,-7.704399372057372242e-01,-6.581789493147751635e-01,-7.747863411665216749e-01,-5.008108383297873445e-01,-7.357039901635029633e-01,-3.901505388004875563e-01,-7.348127651266056493e-01
2.488267168297833565e-02,1.232992440528046449e-02,1.763968781111583187e-02,1.990714479096412221e-02,2.189290842052547467e-02,1.889811793851822394e-02,2.370327816346769461e-03,4.242659509697950526e-02,-7.560344092987287823e-01,-7.558780874427744045e-01,-7.764647579579220249e-01,-7.451813978710833952e-01,-7.686942161689703790e-01,-6.724094262590895044e-01,-7.754737974102159370e-01,-6.014651434184665746e-01,-7.761790805638832946e-01,-4.228674359631325874e-01,-7.343122433267016413e-01,-3.026934837108632426e-01
3.616078917846910629e-02,1.903915702332521775e-02,2.297206579577310004e-02,2.587230701884263295e-02,2.818999963102369888e-02,2.808856458415535245e-02,-2.110634353151319767e-02,5.210857782157167772e-01,7.269338468485267990e-01,3.529454089286405694e-01,6.572428398424446927e-01,5.329372658965652043e-01,6.989774428182708998e-01,5.060932730073066654e-01,7.163883231984493616e-01,5.325243584455154888e-01,7.734660282640342110e-01,7.419270181454429292e-01,7.160757177379267757e-01,7.749836854971805522e-01
5.393439594997730818e-02,3.043753179639937731e-02,3.165070346444786437e-02,3.548473283833214476e-02,3.734389100951372720e-02,5.539627221368552401e-02,-2.505358964219097095e-01,-5.528644513570506458e-01,-7.732549936610937369e-01,-4.489988531393154236e-01,-6.139613777800516647e-01,-4.469520650515346194e-01,-6.396671135954532517e-01,3.821605141515993509e-02,-5.889535052637231427e-01,-6.614762214846869881e-02,-7.325901085400166046e-01,-5.993649849888987857e-01,-8.777222636216097662e-02,-4.573597807625106038e-01
8.010784347689300922e-02,4.891631763270175293e-02,4.523824033312393716e-02,5.073084475524002046e-02,4.652325613416844613e-02,1.604344677800582375e-01,7.353463976607025332e-01,7.707151419292770367e-01,7.765155980365636701e-01,7.679457900291395411e-01,7.663383665136025424e-01,7.744863509422184045e-01,7.571534824398005181e-01,7.765680699324788439e-01,7.732676595618611648e-01,7.741711621702491719e-01,6.806725828698485525e-01,5.532591399068579330e-01,5.973768559581269511e-01,6.525999057042117246e-02
1.173388970178559226e-01,7.829535788037660093e-02,6.605065063076662191e-02,7.569337044788801427e-02,4.377524657485965670e-02,-8.806926958126065630e-02,3.553222438513178871e-01,7.763272402559988628e-01,7.679923793369481944e-01,7.737732089452078466e-01,7.717245520379456547e-01,7.754288181102877431e-01,7.765334829355288182e-01,7.455289895085559504e-01,7.749709733725016481e-01,7.660292100977008634e-01,7.652347711713362033e-01,6.727779040187468196e-01,7.650090167166823107e-01,7.703819633889250618e-01
1.691569106368497610e-01,1.246561853263965236e-01,9.749543992765251355e-02,1.174982144751711838e-01,1.545034503009865834e-01,-5.282380630971368340e-01,-6.029692713843188834e-01,-7.764206677727898409e-01,-4.659753311832972589e-01,-6.442818065395315985e-01,-5.126553114195657734e-01,-7.677534378170798313e-01,-3.094957553340593748e-01,-6.872248753071404925e-01,-5.451865554773238642e-02,-5.862283502016514269e-01,-2.499626393290403925e-01,-5.410828406475360897e-01,-5.433856935074541372e-01,-1.696466463290182691e-01
2.399773477073018912e-01,1.976393229135129936e-01,1.458677595035677010e-01,1.456003300012972401e-01,7.619574040176306795e-01,7.640973981341218080e-01,3.008103279538785202e-01,7.328826580533958079e-01,4.276414017381544586e-01,6.093480201548341357e-01,6.683801956258260679e-01,6.945141441956145245e-01,4.362454760767084938e-01,6.923774699765843366e-01,3.893646225051397014e-01,7.035473878764672007e-01,5.338732243334896044e-01,7.625855664040130932e-01,6.092377606887070529e-01,7.295322342372773106e-01
3.347434437562411547e-01,3.117402380807078321e-01,2.374452987991931552e-01,-8.189153667470926157e-02,-4.321025369420883333e-01,-7.568387588280016676e-01,-4.424200122158252757e-01,-7.328779571286836436e-01,-4.983880357606031986e-01,-6.698344498548479686e-01,-6.940503316227173425e-01,-6.209094917085618004e-01,-4.432097179849778801e-01,-7.542919495935948015e-01,-3.252109557482243396e-01,-7.704034697937720555e-01,-1.633729045488165887e-01,-6.831812228151638022e-01,-3.703491572820105660e-02,-6.787455901846294326e-01
4.573629520574822860e-01,4.826698609680703522e-01,4.957396364887254880e-01,6.180109094270385128e-01,7.170924908501128403e-01,7.765746992116853153e-01,6.882566129157179358e-01,7.532474447634909254e-01,3.659283568243827389e-01,5.982998031345019285e-01,5.586703128719183731e-01,7.718779702783649110e-01,3.828330473588694716e-01,7.403661193424391218e-01,5.544539147779399269e-01,6.277656606390824567e-01,4.378608927369707082e-01,7.585319097164386903e-01,5.445908171825981636e-01,7.732568415045081300e-01
6.041836788599443953e-01,6.742374842260752121e-01,7.016487490624258028e-01,7.030119112845415463e-01,6.529832537296855755e-01,5.363437501836558763e-01,2.704638709755576853e-01,-7.441920104077193177e-01,-4.786599683226153701e-01,-7.171258297419927930e-01,-4.792238283612990646e-01,-7.293297635515857413e-01,-3.209373823640160328e-01,-7.724987426058198547e-01,-4.443909808893782287e-01,-6.818650309739778814e-01,-3.171898038277753962e-01,-7.473263356116109923e-01,-2.988389832076632224e-01,-7.490064100259077318e-01
7.376547190931745934e-01,7.563836162339632185e-01,7.401262460431039525e-01,7.188358331149035108e-01,7.016744733660924549e-01,6.975367025678503863e-01,7.445208457993460760e-01,7.428587470010511451e-01,6.907546360914033068e-01,7.739767011028984012e-01,7.114592115172645448e-01,7.765788599845712126e-01,7.233299668488424317e-01,7.765646543394885137e-01,7.229521856254105261e-01,7.765302129091632422e-01,5.364215661651534628e-01,6.973779315747986596e-01,3.274199921182319173e-01,7.738980230773027102e-01
7.761981326161446759e-01,7.752410694897828858e-01,7.729879345108111588e-01,7.705189672541519208e-01,7.689154042132178013e-01,7.646160040351037690e-01,7.585307306129724925e-01,7.621619972845525837e-01,7.693907371863719646e-01,7.631643800283441914e-01,7.461198354266680433e-01,7.199930631927093927e-01,6.799811819115118006e-01,6.140242107085904788e-01,4.863705254919328813e-01,1.936866835662851283e-01,-5.458543863895950476e-01,-7.761728340354373534e-01,-7.277579326418484040e-01,-7.568612712178063306e-01
