3.817282330752857795e-03
2.382251338636729582e-02
1.463520575125559497e-01
8.813611614108273207e-01
5.196146385004512425e+00
2.872178814034539229e+01
1.418921597799866277e+02
5.438039956545378573e+02
1.507736551287162683e+03
3.199914101034818032e+03
5.636387695499950496e+03
8.757422281043429393e+03
1.251210709183700965e+04
1.677746516501619044e+04
2.154112071265972554e+04
2.664276673389132338e+04
3.195446447002773129e+04
3.742178241624730435e+04
4.273055796367792209e+04
4.802256277958860301e+04
