7.445847684498484165e-04
5.285908762731912972e-03
3.645611465231823195e-02
2.479560140187539730e-01
1.656587467167749406e+00
1.075465804587839003e+01
6.373758684672428387e+01
3.032634236805482715e+02
1.001647904477917564e+03
2.380599519782348125e+03
4.513830712371823211e+03
7.382267289348411396e+03
1.091785168249309027e+04
1.505669290045873458e+04
1.968542850057218311e+04
2.475979685848316512e+04
3.011918632041538149e+04
3.559245527644833783e+04
4.111033512577200599e+04
4.638642728011606960e+04
