-1.539067264282155921e-02,-1.506105169188854016e-02,-1.372703787200093076e-02,-1.223727273901364064e-02,-1.063760026854788411e-02,-8.892908610212579834e-03,-6.975225206777408392e-03,-4.803942039950482440e-03,-2.324702031236503073e-03,4.866856079733985607e-04,3.612260794787850934e-03,6.966859830612843855e-03,1.038059480231284977e-02,1.364767777200482333e-02,1.661362261467062146e-02,1.924836730359991838e-02,2.160604344550545036e-02,2.374212011666555766e-02,2.569977542427574063e-02,2.750592232813429613e-02
-1.058254987582159419e-02,-9.785577819283058226e-03,-8.551132617088640087e-03,-7.233440736595032200e-03,-5.852417092007234679e-03,-4.382646037449148407e-03,-2.797065098978882003e-03,-1.011424426546682874e-03,1.047920928903819243e-03,3.398700485997414780e-03,5.994649419098465465e-03,8.726404881931361379e-03,1.146543539511671143e-02,1.414453298646322493e-02,1.674447042824474610e-02,1.923588127069743997e-02,2.156272654550335857e-02,2.369775907712440288e-02,2.565778545572130337e-02,2.746690795545997377e-02
-7.352544374557515132e-03,-6.580307889483692080e-03,-5.725487991995324016e-03,-4.881703470542724833e-03,-4.046533163668471732e-03,-3.186342082087151306e-03,-2.253699466894226906e-03,-1.127137253580069113e-03,3.354556447910810079e-04,2.221608268961974570e-03,4.565070568812714877e-03,7.333782421305315782e-03,1.040186801363791533e-02,1.354577149593771263e-02,1.650705989687035330e-02,1.915840137819692021e-02,2.152248463381985569e-02,2.366321897202237901e-02,2.562523681447394924e-02,2.743681062712524654e-02
-5.245170371181697745e-03,-4.614943314450838455e-03,-4.027579495614341115e-03,-3.441212907451613769e-03,-2.840650199702329012e-03,-2.186684515043116599e-03,-1.421373838105373160e-03,-4.064365421638820768e-04,1.028136612662298739e-03,2.962842715246832934e-03,5.376459294562347703e-03,8.142302595345455793e-03,1.105198743001066346e-02,1.391108393954198878e-02,1.661579771731303001e-02,1.914463079327642300e-02,2.148169270412580989e-02,2.362350095287589144e-02,2.558907896436831905e-02,2.740416004724580482e-02
-3.794185816558571459e-03,-3.295703920732248344e-03,-2.876793665146290795e-03,-2.451976870305987242e-03,-2.015641554596769424e-03,-1.539614386503127376e-03,-9.718896225079603048e-04,-1.706349120251136810e-04,1.057863572054560221e-03,2.807034746027837948e-03,5.064543302764667847e-03,7.733670322561940480e-03,1.064979701120783578e-02,1.361796981713489681e-02,1.645693136359440562e-02,1.906590103797688521e-02,2.142971647937426047e-02,2.357964280104689336e-02,2.554988528766146891e-02,2.736898064867677310e-02
-2.765562031452160809e-03,-2.379867266355291475e-03,-2.078995566447953795e-03,-1.771238031448439621e-03,-1.456020668421731520e-03,-1.108454389260919541e-03,-6.751007630247593538e-04,-3.990403063623661615e-06,1.127997811416322962e-03,2.830033692258301058e-03,5.082688571180412132e-03,7.768588924995760425e-03,1.069176419838420780e-02,1.363484548451762354e-02,1.643329485122681580e-02,1.901807223618079065e-02,2.137916288287310812e-02,2.353398098181058717e-02,2.550912642758281640e-02,2.733243652096057144e-02
-2.028222848049622377e-03,-1.735340912935953543e-03,-1.517890278376700201e-03,-1.292932409314006843e-03,-1.062386380972214295e-03,-8.046008105978897425e-04,-4.681333379132462925e-04,1.019323046021645355e-04,1.148908911889236347e-03,2.791903711028392507e-03,5.004396527735266442e-03,7.663343147505564598e-03,1.057474696505838509e-02,1.352561362443240565e-02,1.634651092148747820e-02,1.895195410552325682e-02,2.132522099707132718e-02,2.348721811580807908e-02,2.546756299240682947e-02,2.729517767705444409e-02
-1.500014492259999074e-03,-1.280776487898910038e-03,-1.122072211458755020e-03,-9.557837798505361242e-04,-7.854152151790005140e-04,-5.925543590661453254e-04,-3.284888202765876919e-04,1.625637779922191046e-04,1.141843043036831068e-03,2.740576722228590511e-03,4.929095543553745941e-03,7.579748006465003747e-03,1.049352775249690235e-02,1.345111866720715733e-02,1.627915447301954768e-02,1.889114025570471506e-02,2.127140400564112369e-02,2.343991986706498928e-02,2.542554944849846968e-02,2.725751726453854926e-02
-1.126174829800332148e-03,-9.632753209842937056e-04,-8.455345434580402875e-04,-7.205529987835436728e-04,-5.926098870978400816e-04,-4.460345642749504336e-04,-2.349253164427727333e-04,1.953452403099800391e-04,1.120241171913647065e-03,2.682347255357812876e-03,4.849661897968353223e-03,7.490774293226693317e-03,1.040366494987177669e-02,1.336692356067335254e-02,1.620508675336679305e-02,1.882759522149948794e-02,2.121676169560353029e-02,2.339222074995625164e-02,2.538325148436138684e-02,2.721960848251984977e-02
-8.693262464066019548e-04,-7.475662897176839437e-04,-6.576993639813814721e-04,-5.611413011886154161e-04,-4.623820612226301613e-04,-3.480845436045932749e-04,-1.751812244273890284e-04,2.080645001926012788e-04,1.087928064891946142e-03,2.618057255434243658e-03,4.766212520518859491e-03,7.399045298169447393e-03,1.031245102128496884e-02,1.328274661908112990e-02,1.613135382839167922e-02,1.876399115383187502e-02,2.116182353944682376e-02,2.334423555726745231e-02,2.534074958617273804e-02,2.718152831732555813e-02
-7.042116039418775710e-04,-6.102814161996839362e-04,-5.383492142245583723e-04,-4.603272165253851451e-04,-3.805712688825110498e-04,-2.877302471843320693e-04,-1.414347251775504026e-04,2.058714991429523339e-04,1.048203383286085534e-03,2.549889814383028523e-03,4.680433378431137457e-03,7.305746278287504267e-03,1.022009980636805204e-02,1.319769057955408331e-02,1.605687023346836009e-02,1.869984034113577817e-02,2.110653634704883624e-02,2.329600178431902660e-02,2.529808305429087981e-02,2.714331548577291267e-02
-6.147067539516480952e-04,-5.367396505306435122e-04,-4.748204727707486944e-04,-4.073702883956972949e-04,-3.384105982600679307e-04,-2.582766348071284588e-04,-1.290593092166631242e-04,1.916459395499572568e-04,1.002734560517512313e-03,2.478608826041870088e-03,4.592499332415967035e-03,7.210693732776478175e-03,1.012639918829160920e-02,1.311173997929577020e-02,1.598180153170003157e-02,1.863527753389455574e-02,2.105095164205420324e-02,2.324754481347855728e-02,2.525527170595257692e-02,2.710498849449508030e-02
-5.921061472898030880e-04,-5.191231985596198332e-04,-4.604215156576675280e-04,-3.966619442666157206e-04,-3.314057993728038469e-04,-2.564186090240478375e-04,-1.359432246186982303e-04,1.665670803869892535e-04,9.522107310454423811e-04,2.404566926782468386e-03,4.502598686180430201e-03,7.114008684913193659e-03,1.003149681529401198e-02,1.302502559378598997e-02,1.590622662858840949e-02,1.857033452990271283e-02,2.099508081064905413e-02,2.319887790449691803e-02,2.521232543932772421e-02,2.706655467993226635e-02
-6.342491242411876827e-04,-5.555580067429892466e-04,-4.936417032698989802e-04,-4.270580657652769214e-04,-3.587917324621432529e-04,-2.818191750410503323e-04,-1.621687880374895617e-04,1.303657103997894122e-04,8.965301736197562503e-04,2.327771066195282942e-03,4.410772913551234964e-03,7.015693667240825021e-03,9.935384306064618323e-03,1.293753571351368564e-02,1.583015362706897272e-02,1.850502828603409894e-02,2.093892850123980215e-02,2.315000919268102308e-02,2.516924839220655366e-02,2.702801485980377977e-02
-7.453070009405288621e-04,-6.498943283815872577e-04,-5.779721996367746155e-04,-5.017396085216408071e-04,-4.234335666716456119e-04,-3.370505819833730403e-04,-2.099847393996626729e-04,8.133528912486380025e-05,8.348092356793460978e-04,2.247902652765817934e-03,4.316953982448949560e-03,6.915721596652268932e-03,9.838055234202227120e-03,1.284928538898030478e-02,1.575361851839885557e-02,1.843938616263194122e-02,2.088249686337003211e-02,2.310094334614884448e-02,2.512604077180054588e-02,2.698936576268586365e-02
-9.361873757571735318e-04,-8.121393138703826174e-04,-7.222976193596517816e-04,-6.285672364984983169e-04,-5.321453911451961291e-04,-4.278771738832925402e-04,-2.840508504075487349e-04,1.612970390639859370e-05,7.652338289784358467e-04,2.164241034050892222e-03,4.220918983735504233e-03,6.813951805278306226e-03,9.739322339834221437e-03,1.276006496784048636e-02,1.567649647253632414e-02,1.837337652542890554e-02,2.082577746859746309e-02,2.305168195115896851e-02,2.508270032288521453e-02,2.695060152820792990e-02
-1.225620238465566052e-03,-1.059619395587968992e-03,-9.419289559164022120e-04,-8.209928000439055710e-04,-6.964817756002788683e-04,-5.639269573520775715e-04,-3.919949703385954454e-04,-7.069572531196856671e-05,6.847011765258006121e-04,2.075488113247193640e-03,4.122401035378703803e-03,6.710651770708881900e-03,9.639729438298634892e-03,1.267037439475618768e-02,1.559902588092032180e-02,1.830703650360539919e-02,2.076875703290016403e-02,2.300222165400219593e-02,2.503922383529600532e-02,2.691171541820440438e-02
-1.642132337277034783e-03,-1.419115760411844476e-03,-1.260496299317479061e-03,-1.099719405687319979e-03,-9.341720972771766973e-04,-7.598927060146819061e-04,-5.453739638615934422e-04,-1.874589207065458548e-04,5.880529825545474220e-04,1.978696782584780239e-03,4.019203619205369109e-03,6.603495336401132669e-03,9.537053223140048303e-03,1.257892825063312153e-02,1.552106729153578633e-02,1.824060816916042368e-02,2.071153253894245441e-02,2.295256701147885964e-02,2.499560823477345317e-02,2.687270265733709279e-02
-2.227383681003543801e-03,-1.930525309564962199e-03,-1.713202524384369735e-03,-1.495539543908815279e-03,-1.271587094372807550e-03,-1.037676527742609559e-03,-7.614095428237580574e-04,-3.462628914124813860e-04,4.688480566895893912e-04,1.872911143101933405e-03,3.914278585451844324e-03,6.496593382827945719e-03,9.433092266132181089e-03,1.248336932460625791e-02,1.543844704100156770e-02,1.817159360825438066e-02,2.065347706923550963e-02,2.290264306273798872e-02,2.495184795277151368e-02,2.683356311855761636e-02
-3.041946638712746554e-03,-2.653282816088433672e-03,-2.352607777331738956e-03,-2.054323902752748249e-03,-1.747853823145641443e-03,-1.430057653844776702e-03,-1.067579587762287983e-03,-5.707236576263135163e-04,3.063197354399337167e-04,1.740516246084200221e-03,3.795563777303341980e-03,6.389303426167620113e-03,9.344086478260984346e-03,1.241211809605766506e-02,1.537574897712920378e-02,1.811103014740356523e-02,2.059689141139187454e-02,2.285258321535028544e-02,2.490793916583572756e-02,2.679429422322077148e-02
-4.176159667650771075e-03,-3.678390831843661359e-03,-3.259807630366502902e-03,-2.847369331520857843e-03,-2.422940093993649398e-03,-1.982883456975002064e-03,-1.493359670511556093e-03,-8.744684850142200741e-04,9.727491352542819972e-05,1.576211459212843420e-03,3.633839005832279791e-03,6.204680452462640883e-03,9.141162407821871311e-03,1.222246268693051065e-02,1.523429844591863216e-02,1.802056292372044774e-02,2.053448883936556668e-02,2.280172459166468144e-02,2.486383769029238897e-02,2.675484501832873022e-02
-5.773231972824943194e-03,-5.153251404250406773e-03,-4.565815839849665485e-03,-3.993985977961819409e-03,-3.411294409350929500e-03,-2.808497711373896064e-03,-2.143925291856001690e-03,-1.339457833180602696e-03,-1.869670954259995005e-04,1.449708695858127052e-03,3.647317833794736994e-03,6.335224440544585597e-03,9.337135519696995387e-03,1.239042209820042338e-02,1.530098674634503171e-02,1.799979247040536801e-02,2.048320302493394918e-02,2.275088058798548779e-02,2.481935261686373656e-02,2.671498829291373001e-02
-8.086256923998247706e-03,-7.349389197668637110e-03,-6.498508055257039458e-03,-5.661094096832753816e-03,-4.824559643589259109e-03,-3.990531698261249455e-03,-3.124965145500612374e-03,-2.166231009746467755e-03,-9.339608175540555510e-04,6.863263736092853427e-04,2.796233136154098811e-03,5.397967510004375580e-03,8.429734060773495102e-03,1.169500036854788025e-02,1.491051692499967621e-02,1.783435494764403981e-02,2.040757927372512451e-02,2.269700820040324724e-02,2.477370348618998866e-02,2.667428206101587693e-02
-1.160587436204171992e-02,-1.089753814352713464e-02,-9.730593923649326349e-03,-8.484186656132463797e-03,-7.163800380222269150e-03,-5.778990811289847276e-03,-4.303239965797330500e-03,-2.698235714601852735e-03,-8.305799093458590470e-04,1.351240072587477341e-03,3.879446757667713661e-03,6.669274848024476371e-03,9.583641780071839103e-03,1.245856653008294707e-02,1.522121191385550007e-02,1.786832078462859824e-02,2.035938346399280077e-02,2.264393962915816835e-02,2.472741188291199821e-02,2.663453496241451751e-02
-1.672999637400355774e-02,-1.633890440382254963e-02,-1.504835816911389255e-02,-1.365274753666910652e-02,-1.215188885757955903e-02,-1.054565874239456365e-02,-8.794621406631562485e-03,-6.861640444124901365e-03,-4.624523858086239392e-03,-2.041130640897228891e-03,9.349012194317136027e-04,4.260785392392419345e-03,7.826891938669981036e-03,1.140365683951973137e-02,1.473610329363962169e-02,1.769876337009290701e-02,2.030135305759711573e-02,2.261265122803356176e-02,2.470191617251643254e-02,2.661635273405579122e-02
