7.181622554795027329e-04
6.061588203171965929e-03
4.220136116566218509e-02
2.892955787472005214e-01
1.965324537051563736e+00
1.292337182827277609e+01
8.297559585981261421e+01
4.675576420060008900e+02
1.615102058897049119e+03
3.896212136620002639e+03
6.120520959987661627e+03
9.849682224146976296e+03
1.309964012027198987e+04
1.578541954422541676e+04
1.946673571067898229e+04
2.344228901685271194e+04
2.751393034765973061e+04
3.197611061155642165e+04
3.627702297616616124e+04
4.138830247535093076e+04
