6.582582419046894423e-03
3.908916706203290070e-02
2.280246162002937949e-01
1.315397630118309680e+00
7.308867210187088403e+00
3.824816070661443490e+01
1.717394489398696464e+02
5.963817083801710623e+02
1.565488557934596201e+03
3.159341939508676205e+03
5.407089818232498146e+03
8.231377181258922064e+03
1.159961237619106760e+04
1.540233830563356059e+04
1.961433242761416841e+04
2.414897478953090467e+04
2.886034465767364600e+04
3.363400819547104038e+04
3.846187320940645441e+04
4.321035945883468958e+04
