4.837336121370289574e-05
2.857135404933711358e-04
1.687689847733835633e-03
9.862688577872109202e-03
5.693684087367408692e-02
3.270162228533265436e-01
1.837571738855711789e+00
9.977881450669750407e+00
5.046903214786973990e+01
2.194223694827956876e+02
7.251518591964311327e+02
1.793833525561898796e+03
3.488673197312911270e+03
5.769524167423318431e+03
8.615494468285514813e+03
1.185406771584588569e+04
1.556063721827763766e+04
1.950338083001949417e+04
2.367806074889791853e+04
2.802831666571893220e+04
