8.064015759156084248e-03
4.186182556743150290e-02
2.150221485405110489e-01
1.080860939579659785e+00
5.254648167716950979e+00
2.355097075345526392e+01
8.910922500393435541e+01
2.561168895540503740e+02
5.337761980539753495e+02
8.872499739911532970e+02
1.278188959853801634e+03
1.684240256619412776e+03
2.092589929867057435e+03
2.498080081314426025e+03
2.896234832556054698e+03
3.284976798507689637e+03
3.662580838741839216e+03
4.028265536617041562e+03
4.395975292996805365e+03
4.736470553100106372e+03
