9.074889897566084003e-04
6.166500118131098759e-03
4.169791867411406366e-02
2.787450486381059522e-01
1.834003779518159849e+00
1.167500967929441380e+01
6.816393164939540839e+01
3.217175500560764476e+02
1.061418411438289013e+03
2.501134402506316292e+03
4.701707047819384570e+03
7.618100859473528544e+03
1.117941035495439064e+04
1.521993659586259128e+04
1.965848753669701182e+04
2.445246546245794161e+04
2.983165039704105584e+04
3.490406361201089021e+04
4.016991505176434293e+04
4.519668015806685435e+04
