1.005769561982651494e-03
6.763686228220608734e-03
4.356794625765927909e-02
2.782608906328887799e-01
1.740990670253088846e+00
1.058975574889234217e+01
6.027304735065772689e+01
2.851396491807856819e+02
9.906010603939101884e+02
2.483030784989451604e+03
4.870970469509792565e+03
8.129691288090759372e+03
1.216592402643864807e+04
1.684255775108554735e+04
2.212568736217899277e+04
2.785956846833262171e+04
3.390072135141787294e+04
4.004759355101861001e+04
4.613601959344049828e+04
5.187624414328022976e+04
