3.840394881736111004e-04
2.736102477709982921e-03
1.882128163445798141e-02
1.281911406121433172e-01
8.642015025286700070e-01
5.644008974984808802e+00
3.416187483835698657e+01
1.678298524683444839e+02
5.309557929270015393e+02
1.107964640338290565e+03
1.795755829907762973e+03
2.509677299621574548e+03
3.205904789538490149e+03
3.860977829148625005e+03
4.462116296777595380e+03
5.005783952250881157e+03
5.493755651238280734e+03
5.929657853941944268e+03
6.318486304382597154e+03
6.665908167047297866e+03
