2.485961796050100980e-01,2.444511832357561532e-01,2.269111449091652521e-01,2.059770823105310233e-01,1.820876694167134213e-01,1.545867303039193119e-01,1.229069600796491857e-01,8.560621207756337336e-02,4.174664323860498988e-02,-8.759441777030224641e-03,-6.465304657058040805e-02,-1.227658958563847130e-01,-1.781257891272283456e-01,-2.258305663885082637e-01,-2.632777861232065697e-01,-2.908448082648673050e-01,-3.102367554165937347e-01,-3.229695565434794746e-01,-3.301976031291039559e-01,-3.327861513354505307e-01
1.812417777616531778e-01,1.688314669580185112e-01,1.490432436728372223e-01,1.272498446725522370e-01,1.037799985582725099e-01,7.823102426894532058e-02,5.017648404265283996e-02,1.819756928051860165e-02,-1.885360077604979548e-02,-6.087038893735045170e-02,-1.062233928548469153e-01,-1.518920554905560105e-01,-1.946216562917267023e-01,-2.325286406236765080e-01,-2.647812676375254637e-01,-2.907282395235472605e-01,-3.099292802984859874e-01,-3.227551008762709062e-01,-3.300896871436732605e-01,-3.327736188879560908e-01
1.292454712921666526e-01,1.162230856286642494e-01,1.015948140243601860e-01,8.696324154595069800e-02,7.232077146824172909e-02,5.710182578508014167e-02,4.047730456003339333e-02,2.027730128864081022e-02,-6.037907164133410332e-03,-3.990342305960768027e-02,-8.142921354149673663e-02,-1.289314295276938749e-01,-1.784549563583242016e-01,-2.244370999488388418e-01,-2.620435077648728406e-01,-2.900017585475711535e-01,-3.096419355590737665e-01,-3.225866113574380467e-01,-3.300045789581305122e-01,-3.327626137668774353e-01
9.328749437111108489e-02,8.230233570530007259e-02,7.198683379943873750e-02,6.162397719885198688e-02,5.095291167987803238e-02,3.927876582024096563e-02,2.556233055391348569e-02,7.315334070679925180e-03,-1.849798193238704272e-02,-5.312829767616594062e-02,-9.556404103872205569e-02,-1.423509210673403469e-01,-1.884060797617654326e-01,-2.294015309874964659e-01,-2.633028878145409202e-01,-2.898720763454540328e-01,-3.093489987165134458e-01,-3.223912305285517310e-01,-3.299085438338071885e-01,-3.327493597425082994e-01
6.786930468299896824e-02,5.904345530129915393e-02,5.159658219265845364e-02,4.402059799816306768e-02,3.621767245337710606e-02,2.768459269228894584e-02,1.748685267071138291e-02,3.071389664080859203e-03,-1.903231043052092814e-02,-5.035410601698742106e-02,-9.014853211736854888e-02,-1.355981901058613548e-01,-1.822748778662854618e-01,-2.254250225802831575e-01,-2.614598491965823279e-01,-2.891273931488311799e-01,-3.089733213802204892e-01,-3.221734574331814316e-01,-3.298026772423713338e-01,-3.327335490486013070e-01
4.961513143167312762e-02,4.273247446525516718e-02,3.735183031996941461e-02,3.183894092526268205e-02,2.618429531712370209e-02,1.994155598459534245e-02,1.214941379436270709e-02,7.182725464961038739e-05,-2.029276572727050851e-02,-5.076381168776674530e-02,-9.046421708140622853e-02,-1.361776337726707531e-01,-1.829184674484827244e-01,-2.256554616947111236e-01,-2.611839718115995246e-01,-2.886722915883978002e-01,-3.086053273877085723e-01,-3.219444730584909986e-01,-3.296906346372797669e-01,-3.327154464066199857e-01
3.644293215340493886e-02,3.119537503954673829e-02,2.729474680878295548e-02,2.325592474584254471e-02,1.911360204803843124e-02,1.447875169200806347e-02,8.425599873655761213e-03,-1.834773221886314490e-03,-2.066853132233897189e-02,-5.008452222061106351e-02,-8.910156326830043216e-02,-1.344298347309167141e-01,-1.811217584031849792e-01,-2.241606797166310061e-01,-2.601673788996434755e-01,-2.880398113353295764e-01,-3.082098493464632272e-01,-3.217075870758143719e-01,-3.295743379479642021e-01,-3.326952310124176582e-01
2.697393509765512454e-02,2.303758920908976354e-02,2.018628042970939049e-02,1.719729762240534629e-02,1.413369473711578381e-02,1.066435561014596710e-02,5.912522289649883855e-03,-2.926114494513779810e-03,-2.054156259268258983e-02,-4.916982723427220509e-02,-8.778961346073174687e-02,-1.330387507117143930e-01,-1.798707116824098673e-01,-2.231369188900096945e-01,-2.593743879289704957e-01,-2.874546477615575468e-01,-3.078123930808300823e-01,-3.214655438972586210e-01,-3.294546892766173629e-01,-3.326729956435224844e-01
2.026000624736509770e-02,1.733198396191738128e-02,1.521490670656767442e-02,1.296703593036529698e-02,1.066535465844299299e-02,8.027930007071776286e-03,4.228554565025187915e-03,-3.516156181820802654e-03,-2.015337557541164656e-02,-4.813171486233220470e-02,-8.640424407577519672e-02,-1.315554406832973866e-01,-1.784827508456428569e-01,-2.219756475312249511e-01,-2.584983951101041955e-01,-2.868397110566234809e-01,-3.074058916988068324e-01,-3.212189639503457705e-01,-3.293321088825532650e-01,-3.326487864355539004e-01
1.564274803583965215e-02,1.345293451979463935e-02,1.183636945169086116e-02,1.009916522437259018e-02,8.322106025391438205e-03,6.265192820544362648e-03,3.153220106563511468e-03,-3.745090746634421788e-03,-1.957266143541610062e-02,-4.698506154523511558e-02,-8.494729589292308869e-02,-1.300232913488796327e-01,-1.770699006681954457e-01,-2.208101935827021800e-01,-2.576222294265823609e-01,-2.862206401348069140e-01,-3.069942006014235725e-01,-3.209683919021634191e-01,-3.292067967359198488e-01,-3.326226246913068785e-01
1.267308488957829236e-02,1.098329258833345701e-02,9.689068866480547368e-03,8.285129055311158883e-03,6.849852905087153686e-03,5.178958646986576292e-03,2.545802985207078466e-03,-3.705618925930421245e-03,-1.885867769490324683e-02,-4.576869869884828135e-02,-8.344805346814228308e-02,-1.284619292386909029e-01,-1.756353439218411028e-01,-2.196280943906747662e-01,-2.567329764279380200e-01,-2.855926491772222686e-01,-3.065768762488067511e-01,-3.207139866391804928e-01,-3.290788444178336380e-01,-3.325945174904741952e-01
1.106290981993122112e-02,9.660107603101745002e-03,8.545933516726732931e-03,7.332137885193996084e-03,6.091088476809393762e-03,4.648845041786827878e-03,2.323050798620142788e-03,-3.449572009228740310e-03,-1.804135792545859610e-02,-4.449618563572726310e-02,-8.190947504150121461e-02,-1.268681614170456273e-01,-1.741756569763222851e-01,-2.184290236355607151e-01,-2.558325197267330431e-01,-2.849569888039120147e-01,-3.061542624415106717e-01,-3.204558500415057853e-01,-3.289482915273425068e-01,-3.325644630736543372e-01
1.065629147799515564e-02,9.343126370162251754e-03,8.286825972015444963e-03,7.139428190474981020e-03,5.965020482485717743e-03,4.615403457143082630e-03,2.446958447142259362e-03,-2.998171400547106763e-03,-1.713305883776471833e-02,-4.317376076136299201e-02,-8.033476925255547685e-02,-1.252438933424688816e-01,-1.726930077442289102e-01,-2.172147038382312989e-01,-2.549217334846275440e-01,-2.843139176584373873e-01,-3.057264057840941018e-01,-3.201940237838120096e-01,-3.288151506716171513e-01,-3.325324537020432625e-01
1.141449413940390407e-02,9.998706655111037900e-03,8.884612383892199344e-03,7.686437671036388738e-03,6.457890919474518210e-03,5.072570566023009049e-03,2.919004918994022590e-03,-2.346565505565143678e-03,-1.613192243901469605e-02,-4.180149724754255586e-02,-7.872458489669018067e-02,-1.235890512788307000e-01,-1.711871433433074796e-01,-2.159848790879878022e-01,-2.540006506045245915e-01,-2.836635534193785446e-01,-3.052933032349870457e-01,-3.199285243616010743e-01,-3.286794181726507280e-01,-3.324984771604296840e-01
1.341229677781042955e-02,1.169595688042119296e-02,1.040199362647705253e-02,9.030327741231636285e-03,7.621212024568687834e-03,6.066611813784778678e-03,3.779653089140807588e-03,-1.464031007318308255e-03,-1.502202832742453170e-02,-4.037364910025315057e-02,-7.707765271233643634e-02,-1.219030635795197853e-01,-1.696578411865393710e-01,-2.147396698346748511e-01,-2.530696461020803811e-01,-2.830061221823144124e-01,-3.048549333097716474e-01,-3.196593508824844831e-01,-3.285410785151912094e-01,-3.324625174900041058e-01
1.684497271985914424e-02,1.461432947871480099e-02,1.299841785362810913e-02,1.131227316686707687e-02,9.577441641069063191e-03,7.701178114777424907e-03,5.112736542174955642e-03,-2.903346375830807890e-04,-1.377071368094199590e-02,-3.887726865935584725e-02,-7.538997737369632079e-02,-1.201834358241218315e-01,-1.681020250442029906e-01,-2.134760118040244514e-01,-2.521271334573468859e-01,-2.823412604790278557e-01,-3.044111919685464906e-01,-3.193864862983464281e-01,-3.284001081620414042e-01,-3.324245554948312975e-01
2.204680403003489789e-02,1.906386919913331812e-02,1.694820268583950226e-02,1.477355409059523915e-02,1.253403669835561306e-02,1.014928640803282149e-02,7.055439641133428620e-03,1.272520299648095907e-03,-1.232211738789970763e-02,-3.728905030805228921e-02,-7.365677506896196880e-02,-1.184345737781413443e-01,-1.665281557403245905e-01,-2.122009036250792069e-01,-2.511759679520736421e-01,-2.816692962201846617e-01,-3.039619349319901964e-01,-3.191098861493036898e-01,-3.282564799455089943e-01,-3.323845699069626902e-01
2.952384233107705272e-02,2.552179173678680718e-02,2.267331201021113851e-02,1.978457544509270791e-02,1.680873894936647447e-02,1.367464614542789406e-02,9.815466095256965631e-03,3.374209190488934498e-03,-1.058336753701106039e-02,-3.555611490397934948e-02,-7.183924073771387475e-02,-1.166168825576606310e-01,-1.649008765655707309e-01,-2.108959260816745673e-01,-2.502143880443700175e-01,-2.809926592675899837e-01,-3.035078929506166423e-01,-3.188295501407980015e-01,-3.281101665097740927e-01,-3.323425402967130626e-01
4.000671172862121927e-02,3.469333512772672379e-02,3.079842425313605164e-02,2.689362093572611120e-02,2.287253033652999340e-02,1.866946223466803625e-02,1.370192867151707669e-02,6.232408218872151351e-03,-8.438461140894566379e-03,-3.366115620995834695e-02,-6.998922576105769122e-02,-1.147999720781518740e-01,-1.632484420662704272e-01,-2.095269978862346894e-01,-2.491904908739056290e-01,-2.802856894718848135e-01,-3.030440141358850537e-01,-3.185450236501273236e-01,-3.279611313189482180e-01,-3.322984506411750805e-01
5.453548144069091108e-02,4.761339549236347918e-02,4.224537519893598048e-02,3.691020617095446682e-02,3.141971930347869923e-02,2.571822619572022850e-02,1.920694194219060152e-02,1.027157582316294906e-02,-5.513531046215043412e-03,-3.128816525757582845e-02,-6.789364362409346099e-02,-1.129729736264612483e-01,-1.618299232458704218e-01,-2.085028151899429305e-01,-2.484101926859581810e-01,-2.796619533869352803e-01,-3.025887443066646032e-01,-3.182570402695359957e-01,-3.278093427801642146e-01,-3.322522819434394759e-01
7.460277258186612248e-02,6.582282363341095122e-02,5.840634657057803408e-02,5.107258433294534911e-02,4.350197288601110462e-02,3.563109066181321255e-02,2.685449713714085571e-02,1.573521685627094630e-02,-1.750941263908724083e-03,-2.834126141248405339e-02,-6.503482638908215929e-02,-1.098210765170447994e-01,-1.585829455828171586e-01,-2.057623355270901677e-01,-2.466394219728610671e-01,-2.787244545990604783e-01,-3.020830951220240257e-01,-3.179617170886156474e-01,-3.276546258934939782e-01,-3.322039542361411302e-01
1.024172759619304124e-01,9.169109726961212348e-02,8.144226492721277910e-02,7.139479586949253054e-02,6.109366282520518193e-02,5.038016951253483644e-02,3.851379115353141536e-02,2.409149615708009590e-02,3.365356738804830584e-03,-2.607099157929406927e-02,-6.527326497494181923e-02,-1.120507755176267661e-01,-1.617189969312185227e-01,-2.081903650937128314e-01,-2.474760553792356987e-01,-2.785082378555309157e-01,-3.016647230772523947e-01,-3.176637197778603428e-01,-3.274962704800375990e-01,-3.321531483932634310e-01
1.414284484406552744e-01,1.291926677002846469e-01,1.148325446672634892e-01,1.004845657445027490e-01,8.596614713231416627e-02,7.133390711637241366e-02,5.601134347434490179e-02,3.891286991161593128e-02,1.680494022784462596e-02,-1.235135306417147610e-02,-5.016166097528386436e-02,-9.593658231550269977e-02,-1.470628538806741381e-01,-1.980334333408034497e-01,-2.425326280941848267e-01,-2.767731220327031005e-01,-3.010432122425740209e-01,-3.173449699322394846e-01,-3.273313817419009619e-01,-3.320992096333587051e-01
1.967122437210249430e-01,1.860613031778736159e-01,1.679642697264747964e-01,1.479518699337368237e-01,1.260807642016808505e-01,1.025164390997707065e-01,7.683676190479878099e-02,4.841501622860454324e-02,1.494596907480299011e-02,-2.430307744822564689e-02,-6.937463014094480407e-02,-1.177331225833717909e-01,-1.656398283847500263e-01,-2.091708120764571022e-01,-2.464748732049078239e-01,-2.771312277099333143e-01,-3.006442658487076813e-01,-3.170279618797704480e-01,-3.271617050849259245e-01,-3.320445457833003378e-01
2.646156143879003220e-01,2.600780005516573068e-01,2.442900195836986421e-01,2.258997175607854457e-01,2.047372892906770270e-01,1.806740766981968505e-01,1.529974442909957932e-01,1.209896560371570007e-01,8.247000095251344476e-02,3.667402199247689343e-02,-1.682184824737311887e-02,-7.609079502887522439e-02,-1.371441322803788887e-01,-1.936986556607150078e-01,-2.402899746375681267e-01,-2.753339883448369108e-01,-3.001609761598572623e-01,-3.168396599012878734e-01,-3.270671941011029649e-01,-3.320188832831262871e-01
