3.168364194177953480e-02
1.645189013554400059e-01
8.357322721571829316e-01
4.130249570343172749e+00
1.937788634612669725e+01
8.238692650864705058e+01
2.941529569915569482e+02
8.084224150271639928e+02
1.753664407581978367e+03
3.160279257270144626e+03
4.992078921986652858e+03
7.251688614524014156e+03
9.796866873048316847e+03
1.264612436492979396e+04
1.569729907054223440e+04
1.897084468545045456e+04
2.239455493015230240e+04
2.592064347358465238e+04
2.956265751377663400e+04
3.320073199550682330e+04
