6.509288411242625250e-03
3.898078181413969917e-02
2.282912475041480593e-01
1.308258363392279966e+00
7.287459469061628781e+00
3.826368101728166948e+01
1.730477785420788166e+02
6.053189220213981798e+02
1.561826641271188237e+03
3.156518342489558563e+03
5.390845494151880303e+03
8.208807884498341082e+03
1.154168756317774205e+04
1.528947174972463836e+04
1.942979442121415923e+04
2.388536399928388346e+04
2.855878940802616489e+04
3.326134848094275367e+04
3.798016161470066436e+04
4.278739679825424537e+04
