6.299006308301233203e-02
3.110313987765360166e-01
1.503128306059775765e+00
7.044002817314028775e+00
3.113986753509231065e+01
1.236747747853844288e+02
4.093844680959305720e+02
1.069044024806920106e+03
2.239465931112609269e+03
3.962745295202812486e+03
6.211554761091831097e+03
8.995651084621113114e+03
1.216350713616029680e+04
1.570250415975850956e+04
1.952339617834268938e+04
2.362497811585641466e+04
2.793844059590452889e+04
3.243967427626570134e+04
3.703272198638547707e+04
4.167918065407754329e+04
