-1.078132164966729735e-02,-1.030971503502672512e-02,-9.270492889439504655e-03,-8.114502470325269182e-03,-6.871094215488413905e-03,-5.567496012667660227e-03,-4.165629539883479622e-03,-2.652538277010103949e-03,-1.031044685014968418e-03,6.691072793333998920e-04,2.420723476470023217e-03,4.198139189416536313e-03,5.980544975640324570e-03,7.744158144168755177e-03,9.474915883013796183e-03,1.115552352305369636e-02,1.278305983301065638e-02,1.435590541993903013e-02,1.587853652052476083e-02,1.735667801746443653e-02
-8.169059759538558133e-03,-7.369987714839569201e-03,-6.385713925594262153e-03,-5.382936480553003264e-03,-4.345143023025321329e-03,-3.279568636302462176e-03,-2.138252327961115504e-03,-8.910530042911465887e-04,4.738909197972625839e-04,1.928955267669507862e-03,3.444252728362047836e-03,4.992050041986122524e-03,6.554210444597778282e-03,8.111778770185774576e-03,9.662040110870935908e-03,1.119728506595736063e-02,1.271965146066894939e-02,1.422685037771270582e-02,1.571317264092604929e-02,1.717528964476287834e-02
-6.089133112314218735e-03,-5.415776342163419743e-03,-4.740318870312379765e-03,-4.066007403968075092e-03,-3.365056244460097080e-03,-2.634443334858504841e-03,-1.817525930658386683e-03,-8.632568097842057992e-04,2.610022965508930330e-04,1.535799968907585909e-03,2.933838979404347364e-03,4.427384031569134813e-03,5.994628000424261430e-03,7.603077982320954366e-03,9.229982188239680210e-03,1.084435332482252407e-02,1.242837534781667148e-02,1.397323886568117672e-02,1.547492524102198584e-02,1.694156305896871856e-02
-4.609489282300333751e-03,-4.080999631779487317e-03,-3.578246479823674921e-03,-3.054923795212101216e-03,-2.494285694762662930e-03,-1.893604948593527416e-03,-1.196983248774149706e-03,-3.427772262949410663e-04,7.108878138196325592e-04,1.938427721207767497e-03,3.297660816837954048e-03,4.744986530415142012e-03,6.247219134988604532e-03,7.766859743416008530e-03,9.287577705192468641e-03,1.079466765286094324e-02,1.228722134022674876e-02,1.376827960595832130e-02,1.523266002980219573e-02,1.668370436065819834e-02
-3.527086503455519918e-03,-3.108767050304236598e-03,-2.723798472839262467e-03,-2.321637655725050306e-03,-1.894305325334349512e-03,-1.437935885518688752e-03,-8.966853397080588135e-04,-1.975341214919984511e-04,7.154488706097498043e-04,1.820877952695647891e-03,3.076577229654189807e-03,4.441669570070330003e-03,5.888604789634827551e-03,7.383000821420127903e-03,8.906301537875197655e-03,1.043505560683643391e-02,1.195513965881938624e-02,1.345918566034816702e-02,1.493665912759231315e-02,1.639520508666734988e-02
-2.716213440935582625e-03,-2.384663546426899795e-03,-2.089626667831662610e-03,-1.781541893698036132e-03,-1.453349465961000517e-03,-1.097977908695948329e-03,-6.596533402043656090e-04,-5.617175686521676199e-05,7.807425159351893875e-04,1.831928154192269875e-03,3.049611893432677481e-03,4.385964641187722717e-03,5.806839284618796684e-03,7.271509284220299858e-03,8.758136716573532848e-03,1.024487511634444847e-02,1.172384113016136133e-02,1.319477335938964817e-02,1.465023070537626801e-02,1.609981280775197102e-02
-2.102491675212724009e-03,-1.840956567545464113e-03,-1.614549226884584533e-03,-1.377475259846213740e-03,-1.123881440719988684e-03,-8.464782343448046384e-04,-4.926569728276986677e-04,2.461414839863905837e-05,7.833285713810182564e-04,1.767081463056174775e-03,2.925084856641042494e-03,4.207607342981865492e-03,5.581252110955284979e-03,7.007427984536693591e-03,8.466364128650967144e-03,9.936378090887090439e-03,1.140806828163350856e-02,1.287752944908046246e-02,1.433339139206136689e-02,1.578627152831046238e-02
-1.637399896709380246e-03,-1.432274072252947856e-03,-1.257969617058585059e-03,-1.074754327832793061e-03,-8.781843366367347165e-04,-6.611855020877673104e-04,-3.743548649266145159e-04,7.256153168738075320e-05,7.665126458885467573e-04,1.695352848717647173e-03,2.806886573857026758e-03,4.049705441105177356e-03,5.389374877638560511e-03,6.786421131452297778e-03,8.219834627352765738e-03,9.666640426059558075e-03,1.111829043352387768e-02,1.257195470533196101e-02,1.401686922439260991e-02,1.546660392329586228e-02
-1.287019489926113707e-03,-1.126873982872680187e-03,-9.920090008418641983e-04,-8.496889316234635140e-04,-6.966209881267679174e-04,-5.260745807348657594e-04,-2.921906984725569255e-04,9.614732380834554721e-05,7.326530245646360176e-04,1.609520718215912225e-03,2.674068990358626635e-03,3.873982824475852814e-03,5.174686153397662150e-03,6.537578502648954196e-03,7.942352418766016400e-03,9.366165992144686800e-03,1.080144419553106735e-02,1.224492165330521784e-02,1.368428936359433572e-02,1.513475837810192640e-02
-1.026847381457034582e-03,-9.020410737079312706e-04,-7.968626185156677888e-04,-6.854423780522187360e-04,-5.653635479610618752e-04,-4.303644136515793269e-04,-2.383181004987649674e-04,1.008850473847453861e-04,6.858944962616994210e-04,1.513744392888090795e-03,2.532801479516082113e-03,3.690901915764958994e-03,4.953811987278479260e-03,6.283996268895806689e-03,7.661384491375150887e-03,9.062660752544835635e-03,1.048083415307658750e-02,1.191252420678410966e-02,1.334457254984401479e-02,1.479462783738161140e-02
-8.390696674191032867e-04,-7.414545283683406226e-04,-6.583717120113353506e-04,-5.700468153317838011e-04,-4.747259714499483759e-04,-3.666866708720376835e-04,-2.075477535889672261e-04,9.027939950981065775e-05,6.285575457066533336e-04,1.409359351828940767e-03,2.383338132613225559e-03,3.499205603771204497e-03,4.723402374513322940e-03,6.019787175699446713e-03,7.368664336742656792e-03,8.746638427668589066e-03,1.014747485894488925e-02,1.156781616540692240e-02,1.299339457174090474e-02,1.444406622485143281e-02
-7.109653756390748930e-04,-6.336081075865576326e-04,-5.666277080935669570e-04,-4.952173900128724196e-04,-4.181269554969651876e-04,-3.301996198674677805e-04,-1.967135028241291206e-04,6.618158597020662416e-05,5.616194610200951100e-04,1.296746481441892959e-03,2.225682471098674921e-03,3.298765649843270285e-03,4.483542710096386288e-03,5.745578782814255575e-03,7.065507889503891067e-03,8.420032444050267947e-03,9.803493825915341256e-03,1.121257238483380249e-02,1.263183524543601971e-02,1.408346675243909649e-02
-6.339128039672625942e-04,-5.708254144908941462e-04,-5.151153979110948246e-04,-4.556229981607219193e-04,-3.914841043512389614e-04,-3.181092502507053710e-04,-2.042888439263819899e-04,2.914505237421129077e-05,4.850812402956105576e-04,1.175601667805778417e-03,2.059330520373841948e-03,3.088918511578949300e-03,4.233431860749228143e-03,5.460397984086229686e-03,6.750677130830986736e-03,8.081365757077598605e-03,9.447287276046498553e-03,1.084524042079772904e-02,1.225859532527207724e-02,1.371185678498450591e-02
-6.027694034920400880e-04,-5.486499191135518804e-04,-5.001903054944604240e-04,-4.484512557087304957e-04,-3.928685837918188080e-04,-3.294082970981702311e-04,-2.301884743431632308e-04,-2.142157884422459411e-05,3.980692628988407992e-04,1.044981764258730468e-03,1.883302745122830300e-03,2.868637509663653131e-03,3.972006952913309172e-03,5.163175757600485700e-03,6.423101546825142096e-03,7.729630432009347053e-03,9.077952479142862782e-03,1.046500544830512337e-02,1.187294858010225045e-02,1.332856411857270135e-02
-6.155194804873182542e-04,-5.655040110717150358e-04,-5.207966682066787019e-04,-4.731863890098093970e-04,-4.223447162375384154e-04,-3.647744411011919776e-04,-2.757143213301706795e-04,-8.723718537919850145e-05,2.988243836932862334e-04,9.032851014279452348e-04,1.696136662005167262e-03,2.636536622124678684e-03,3.697910749627227045e-03,4.852571951654174702e-03,6.081430564163872385e-03,7.363486914708805044e-03,8.694196557895148003e-03,1.007064079974290087e-02,1.147379887089423206e-02,1.293262319142557751e-02
-6.731408257865228442e-04,-6.225675982717838704e-04,-5.783831586362994312e-04,-5.315631709918479386e-04,-4.819636731929939914e-04,-4.266026956644519805e-04,-3.436206708700448938e-04,-1.712379827624523098e-04,1.845942317513648992e-04,7.481432212486134473e-04,1.495794901815933938e-03,2.390799194534882870e-03,3.409440453312947202e-03,4.526947317791342636e-03,5.724057651684758517e-03,6.981372319550390067e-03,8.294537042345454664e-03,9.660773532056420726e-03,1.105994063150911831e-02,1.252296687723008888e-02
-7.796715433218885747e-04,-7.238578304320393824e-04,-6.770014011696185666e-04,-6.276853588476998241e-04,-5.759031680317126811e-04,-5.191662408941846414e-04,-4.382930110034752302e-04,-2.777697578824505666e-04,5.143067513958788587e-05,5.762245266685940082e-04,1.279497967937566353e-03,2.129050240775940371e-03,3.104459989821456954e-03,4.184300423971045076e-03,5.349072902161206705e-03,6.581454003791069492e-03,7.877241039022511021e-03,9.233810520334236049e-03,1.062998681439316154e-02,1.209837197062577085e-02
-9.424780023788737479e-04,-8.765126868092946305e-04,-8.235916010850966636e-04,-7.683145717912743524e-04,-7.107606623718333311e-04,-6.489142105268910603e-04,-5.660490229010688460e-04,-4.128899660401867525e-04,-1.061141993976420550e-04,3.829413990445131228e-04,1.043469565573116762e-03,1.848155778695660667e-03,2.780256839690720214e-03,3.822163917311874846e-03,4.954188301029429677e-03,6.161574087352321080e-03,7.440281761832491167e-03,8.787903520686150133e-03,1.018234804248499721e-02,1.165745288097906271e-02
-1.172741458046900687e-03,-1.091299959167734606e-03,-1.028476963132031550e-03,-9.633514333649772447e-04,-8.960220273060920740e-04,-8.249281932838330037e-04,-7.355825623158809574e-04,-5.847986146128205786e-04,-2.954103439274913777e-04,1.620431028358169088e-04,7.825730649211269088e-04,1.543926150327003819e-03,2.433324386060480189e-03,3.437452769338437270e-03,4.536640081903508051e-03,5.719194176860859652e-03,6.981315302280209634e-03,8.320939465851931102e-03,9.715229871884755938e-03,1.119866638029841203e-02
-1.486199193803047942e-03,-1.383394709905348728e-03,-1.306108788516805504e-03,-1.226549562753692559e-03,-1.144744912844943572e-03,-1.059575175098365811e-03,-9.585864198432301553e-04,-8.044309097514271535e-04,-5.263191775896682587e-04,-9.493214116858721466e-05,4.898096181093483312e-04,1.210687152380091405e-03,2.059022549525293087e-03,3.026200654858698675e-03,4.092974868402562624e-03,5.251209434106468392e-03,6.497516681260562775e-03,7.830391708380192092e-03,9.226508212113529450e-03,1.072023596499582093e-02
-1.904201399291833002e-03,-1.773498677664410352e-03,-1.676133104757242167e-03,-1.576530222819249412e-03,-1.474521650523112929e-03,-1.369418274725432358e-03,-1.250611547926589080e-03,-1.086266092955067266e-03,-8.119606154591593565e-04,-3.993899530860905121e-04,1.556448807899679003e-04,8.407133765029749413e-04,1.651168890523253613e-03,2.583332896833686557e-03,3.618985771525714754e-03,4.754005511958914014e-03,5.985702922210553445e-03,7.313431684048027868e-03,8.713765232924164383e-03,1.022011889358885074e-02
-2.455187348714858806e-03,-2.289425235168711208e-03,-2.164898443055563761e-03,-2.038211360556553640e-03,-1.908830753400468563e-03,-1.776488666244422374e-03,-1.632256771222945864e-03,-1.449435666072948102e-03,-1.169758467925405797e-03,-7.667023708261236793e-04,-2.330173702186234667e-04,4.231980013517823024e-04,1.201031099578850131e-03,2.101722945544810730e-03,3.108860634112560386e-03,4.222754218799526678e-03,5.441859940666315953e-03,6.766742022163050978e-03,8.174349331683244263e-03,9.696187844297937328e-03
-3.176766554186958615e-03,-2.968366151370226743e-03,-2.807617790174857502e-03,-2.644851568142400893e-03,-2.478968238970860258e-03,-2.310110304362174120e-03,-2.130879190195993523e-03,-1.919285576343475290e-03,-1.622806266340716484e-03,-1.217337529602673541e-03,-6.936910471153651808e-04,-5.629403483098129317e-05,6.970966871092969990e-04,1.572222557371952701e-03,2.555275918838743453e-03,3.651312387541555578e-03,4.860642321912140261e-03,6.185625705277770364e-03,7.604399210798813702e-03,9.145719462387003756e-03
-4.118769784582344828e-03,-3.860241403017897199e-03,-3.651594725341291564e-03,-3.441100963730812923e-03,-3.226900815760999110e-03,-3.009584325994492295e-03,-2.783203135702594280e-03,-2.530033012586166159e-03,-2.202685607617731536e-03,-1.779911450847751183e-03,-1.251567780456879549e-03,-6.191068476497334086e-04,1.221456542322686646e-04,9.816203133632946196e-04,1.948721877219562228e-03,3.033144971474355158e-03,4.237578094282974314e-03,5.566424415413316965e-03,6.999697659953298644e-03,8.562863464871787317e-03
-5.348065778065380291e-03,-5.032931003337889030e-03,-4.761332065099769389e-03,-4.487961682691242460e-03,-4.209930036575536619e-03,-3.928267742590317406e-03,-3.638530379570212130e-03,-3.326950001326292768e-03,-2.950675162377507967e-03,-2.491744074156738639e-03,-1.940015984732924338e-03,-1.294726073018118194e-03,-5.495497880017937873e-04,3.076813911589719366e-04,1.270367573931602007e-03,2.353136739959785749e-03,3.562607016252003402e-03,4.906393704135839258e-03,6.367246431029119531e-03,7.965313514799591751e-03
-6.957031921955432810e-03,-6.581237978471373568e-03,-6.227016733513737745e-03,-5.871201360141263537e-03,-5.509782324215271344e-03,-5.143784408180247618e-03,-4.770010527094786963e-03,-4.378087723279241311e-03,-3.928831337035425426e-03,-3.407849943439770438e-03,-2.805908326107221708e-03,-2.121054228473595767e-03,-1.346768235845290486e-03,-4.704719906783417995e-04,5.039232640988473714e-04,1.593672369488910575e-03,2.808712399856157400e-03,4.160341982242920372e-03,5.637342708743743429e-03,7.259557198437769504e-03
-9.079882383035413340e-03,-8.645260468053661898e-03,-8.181153012718345510e-03,-7.713845969901922221e-03,-7.240680885921399815e-03,-6.762923607153724544e-03,-6.278648402318297989e-03,-5.780291269647120506e-03,-5.231042381226019486e-03,-4.619639571413555398e-03,-3.937417080483862110e-03,-3.180471975983274052e-03,-2.341022028034475243e-03,-1.405260778440834118e-03,-3.723770536838146255e-04,7.781599801177043916e-04,2.060141361910127009e-03,3.485866803686479137e-03,5.042965769688877685e-03,6.737045056045770988e-03
-1.191810283191620592e-02,-1.144848470333993846e-02,-1.085017736494553985e-02,-1.023515081609854827e-02,-9.607975079331469714e-03,-8.972253540800879251e-03,-8.328980792588451185e-03,-7.674729799567804253e-03,-6.975923938354358818e-03,-6.226750108777303651e-03,-5.422238000526732535e-03,-4.560134950599785929e-03,-3.635468810283760868e-03,-2.638011916111114488e-03,-1.565633695955705911e-03,-3.968548756763879337e-04,8.890097289784519964e-04,2.315461282689345018e-03,3.888877717168676661e-03,5.627835504142478934e-03
-1.568384571988348103e-02,-1.521613561898742424e-02,-1.449369969477288904e-02,-1.373124954638247318e-02,-1.294015545956650470e-02,-1.212485505815162103e-02,-1.128703778214309658e-02,-1.042519446984505570e-02,-9.505453904208493315e-03,-8.524890612331017734e-03,-7.479796117350014616e-03,-6.367313531620534366e-03,-5.183841250040135094e-03,-3.923809626435102900e-03,-2.588039083898897690e-03,-1.164727259293755470e-03,3.558544656250463441e-04,1.981321434771035010e-03,3.702498040534861305e-03,5.516620176465167856e-03
-1.980641056000978159e-02,-1.921806160183088530e-02,-1.842550677428742359e-02,-1.760793437083092369e-02,-1.675774464112075521e-02,-1.587606813869418473e-02,-1.496298472236868259e-02,-1.401904172309140391e-02,-1.300853507653244520e-02,-1.193079265925094286e-02,-1.078238304781425558e-02,-9.557706270735240664e-03,-8.250794638217597357e-03,-6.854508762719145262e-03,-5.364548165143354953e-03,-3.766882383923339343e-03,-2.048741731867287016e-03,-2.015453991016696227e-04,1.767332190624402695e-03,3.850103513431630230e-03
