1.244096879601404174e-03
7.106111993067505857e-03
4.043071665631435552e-02
2.252669523055179090e-01
1.239460794070100791e+00
6.535233133143825590e+00
3.157177495786730503e+01
1.254948379316358995e+02
3.599901200388882216e+02
7.350793480956650683e+02
1.194973008555866727e+03
1.690032595999123032e+03
2.198717059679092472e+03
2.701598353605873854e+03
3.195181390456739791e+03
3.673464823527966473e+03
4.134068921446505556e+03
4.576209874485040928e+03
4.999543699226423996e+03
5.403732832975409110e+03
