4.838160606767658023e-03
2.874461258434745856e-02
1.698117414756735166e-01
9.815636478356533079e-01
5.495010138072805361e+00
2.883794441095633587e+01
1.313648071167149567e+02
4.583189315049154402e+02
1.188297892789169282e+03
2.383023079429554400e+03
4.028809444708668252e+03
6.103483829598663760e+03
8.499233796040372908e+03
1.125244248859812797e+04
1.418970095566239797e+04
1.729484829754369275e+04
2.058413999685340605e+04
2.394277319889224236e+04
2.743451242842682768e+04
3.069940807984117782e+04
