1.803565597336062309e-01,1.739058049239532444e-01,1.579232376788594072e-01,1.397867431805155936e-01,1.200109065657942314e-01,9.809077647941145950e-02,7.409134040475308380e-02,4.768510464214399669e-02,1.851892269064661992e-02,-1.261947302546025974e-02,-4.506561596261249997e-02,-7.818202177910996142e-02,-1.112147207413972244e-01,-1.433616299003506733e-01,-1.738676126061207139e-01,-2.021400115454985991e-01,-2.277606388265372983e-01,-2.505083428988429395e-01,-2.703215061537029840e-01,-2.872105613825421955e-01
1.362846938631129545e-01,1.234818042718676401e-01,1.073835609770952687e-01,9.104641006784316981e-02,7.423466294695089951e-02,5.627877120099633590e-02,3.693451325784029293e-02,1.545462578936166245e-02,-8.973737077646752602e-03,-3.564258683741050593e-02,-6.379749283840836782e-02,-9.277594619031767631e-02,-1.218812056995448451e-01,-1.504777761763221589e-01,-1.780467950164046909e-01,-2.041815261323675357e-01,-2.284944138634109889e-01,-2.505923998112786766e-01,-2.701570082871980749e-01,-2.869870309967592625e-01
9.914167341859024540e-02,8.811771919348385107e-02,7.731295286409507750e-02,6.678107765491668457e-02,5.601108019128049620e-02,4.431237510563078297e-02,3.113774480939342920e-02,1.525544937500576681e-02,-4.745032896333708367e-03,-2.839307783275652960e-02,-5.492948097982387756e-02,-8.366024427414688047e-02,-1.137166381876862642e-01,-1.440976085503338222e-01,-1.737485549555714825e-01,-2.017075224735065397e-01,-2.272585657276402771e-01,-2.500008167488121380e-01,-2.698213883012678949e-01,-2.867417802995194109e-01
7.226179572091150083e-02,6.374670348309051382e-02,5.599798895349605149e-02,4.809929616711394740e-02,3.974620698504188060e-02,3.042701432375992041e-02,1.953186544539817562e-02,5.597204418728725026e-03,-1.313752940505115430e-02,-3.617284479778581918e-02,-6.236256393841135143e-02,-9.062151024713040182e-02,-1.197802097861054710e-01,-1.487769236214935564e-01,-1.767840115006597546e-01,-2.032271201262676186e-01,-2.277119612793262193e-01,-2.499074123186561247e-01,-2.695469826243727662e-01,-2.864604481262755242e-01
5.282944792918661120e-02,4.630762917176175358e-02,4.062156356354459930e-02,3.481541844615222703e-02,2.876509065643688065e-02,2.206446388725312804e-02,1.404834062041890146e-02,3.026696127829962488e-03,-1.319690189844296632e-02,-3.434154089155818518e-02,-5.919917686407281249e-02,-8.667802261497102589e-02,-1.156387609385902820e-01,-1.450156751776533748e-01,-1.738338462030100395e-01,-2.012234645997628413e-01,-2.264973177674272642e-01,-2.491914017963745842e-01,-2.690825509026564810e-01,-2.861191223255611371e-01
3.870198948925198529e-02,3.375421338748697125e-02,2.959806703083994045e-02,2.536591724849881699e-02,2.095696081090680021e-02,1.599606569955610083e-02,9.780693712944429213e-03,4.571215616234528250e-04,-1.454405944903822828e-02,-3.511746761378443937e-02,-5.985717881071212637e-02,-8.743093802141060911e-02,-1.164757976573491255e-01,-1.457804363117414514e-01,-1.743363192216771385e-01,-2.013624558411442056e-01,-2.263200888684542555e-01,-2.488434227317610492e-01,-2.687010041175991737e-01,-2.857796187763104179e-01
2.844751836789620111e-02,2.473966284716815414e-02,2.169999338181036533e-02,1.859859580804214263e-02,1.535920952772449645e-02,1.167037925988746380e-02,6.858192003798399897e-03,-1.006693279304217252e-03,-1.479521676041845556e-02,-3.459208449429226201e-02,-5.885742270689506284e-02,-8.613674939453651314e-02,-1.150194884433015929e-01,-1.443093486537405656e-01,-1.730027711921598432e-01,-2.002730048700618326e-01,-2.254954745540959649e-01,-2.482348797587271005e-01,-2.682401838113687154e-01,-2.854193270857506848e-01
2.106260692913755964e-02,1.831074392462709796e-02,1.607155365292952179e-02,1.377808442665984061e-02,1.137992909520131948e-02,8.617906980931141700e-03,4.848762040013002844e-03,-1.904239557944209776e-03,-1.477865801857089142e-02,-3.406945877230617425e-02,-5.812949732645930623e-02,-8.537408687160093212e-02,-1.143025186433538343e-01,-1.436655807169834875e-01,-1.724203944505188768e-01,-1.997267223586140783e-01,-2.249729941902920971e-01,-2.477490019035828994e-01,-2.678122659424828078e-01,-2.850623397162862505e-01
1.582868579812150844e-02,1.379239929584421924e-02,1.211794129640402298e-02,1.039542879065041316e-02,8.594069947745745786e-03,6.494371951222090329e-03,3.490351413917783339e-03,-2.403511883951429083e-03,-1.453366407960438901e-02,-3.339753072460978356e-02,-5.726079285379028633e-02,-8.442732824594309515e-02,-1.133372820075877058e-01,-1.427265261539205354e-01,-1.715464054389285453e-01,-1.989501662061195497e-01,-2.243095748303659265e-01,-2.471980292206032992e-01,-2.673616909731841296e-01,-2.846985170387663078e-01
1.223420435640051526e-02,1.071185102982218779e-02,9.425206492140889014e-03,8.095576643455195537e-03,6.706328455851662956e-03,5.068636327744876872e-03,2.617314899472882820e-03,-2.614972749643114640e-03,-1.413715162826098895e-02,-3.264869734067267493e-02,-5.635915198093085360e-02,-8.348079830468185802e-02,-1.124054614080954168e-01,-1.418497531108848797e-01,-1.707484260098221240e-01,-1.982418866513372402e-01,-2.236910916915951786e-01,-2.466675106078785040e-01,-2.669163676338847657e-01,-2.843341485990594220e-01
9.925530463214546698e-03,8.747102366259753084e-03,7.712207117563809819e-03,6.637838507294008088e-03,5.517969848027172962e-03,4.186915139305717390e-03,2.120673042096943555e-03,-2.610345505625629500e-03,-1.363442435502000907e-02,-3.184687198521742729e-02,-5.542754164814354956e-02,-8.251183043766883995e-02,-1.114521102656483714e-01,-1.409481888844508479e-01,-1.699224599594781615e-01,-1.975069280857812137e-01,-2.230525225264576583e-01,-2.461251370650577308e-01,-2.664652108920614881e-01,-2.839668179944888071e-01
8.674265264004299772e-03,7.692771874923440278e-03,6.800221632877869425e-03,5.869874104392180415e-03,4.904160025715391044e-03,3.753891347059729999e-03,1.935069533132262060e-03,-2.429943533955581086e-03,-1.304905987881088344e-02,-3.100373442852445358e-02,-5.447102094762798496e-02,-8.152505207452336033e-02,-1.104872185896313280e-01,-1.400404068247852463e-01,-1.690942774499218648e-01,-1.967718792898395519e-01,-2.224141486286290714e-01,-2.455820175694329033e-01,-2.660124418121813661e-01,-2.835975906528291346e-01
8.356303559212545015e-03,7.438597644835569407e-03,6.594085693459569679e-03,5.711457306818279629e-03,4.800362403238877911e-03,3.722061964244048789e-03,2.030549689242740555e-03,-2.090176394256557102e-03,-1.239075149158232539e-02,-3.012436904739284813e-02,-5.349171934017604713e-02,-8.052119894161216540e-02,-1.095105878016015971e-01,-1.391245474236707247e-01,-1.682598325325808664e-01,-1.960312559618221095e-01,-2.217710176400321254e-01,-2.450350813468322453e-01,-2.655567684474645640e-01,-2.832261165474036502e-01
8.940466747374697931e-03,7.957954688815035982e-03,7.072218418248871208e-03,6.145998112513017739e-03,5.195427326120194943e-03,4.086434861060795481e-03,2.408550620429029954e-03,-1.586772819465902219e-03,-1.165780919856656932e-02,-2.920863628709347709e-02,-5.248957566868780317e-02,-7.950002767163071027e-02,-1.085221010595797397e-01,-1.382008942880225133e-01,-1.674199619944116424e-01,-1.952862642561782325e-01,-2.211244564702876947e-01,-2.444853247245936390e-01,-2.650986421866743936e-01,-2.828525180642408321e-01
1.048567576244396025e-02,9.305075635472257606e-03,8.284347882537391322e-03,7.218774567890435048e-03,6.130363883796851460e-03,4.883849996633133662e-03,3.101656603291713839e-03,-8.948453848068959986e-04,-1.083728658971194921e-02,-2.825149717885563558e-02,-5.146283479850944503e-02,-7.846080700011850984e-02,-1.075214051780637170e-01,-1.372692644101120574e-01,-1.665743725024656507e-01,-1.945361269157609707e-01,-2.204735125040267474e-01,-2.439319867888189997e-01,-2.646376139925775139e-01,-2.824766248802045299e-01
1.314640918960692170e-02,1.162065700428197533e-02,1.035666387365133216e-02,9.041643532606591024e-03,7.702608754447527566e-03,6.196799946704480665e-03,4.176938110012414808e-03,3.387055178242066405e-05,-9.902909544083309326e-03,-2.724176598194776380e-02,-5.040723251165354912e-02,-7.740158475551012218e-02,-1.065075513707271493e-01,-1.363302700180639149e-01,-1.657259750878436744e-01,-1.937853801022824396e-01,-2.198228680501391474e-01,-2.433783178617610066e-01,-2.641751634184754116e-01,-2.820988654026185261e-01
1.718688727183109374e-02,1.514642955096060818e-02,1.350494348553392225e-02,1.180474604046575192e-02,1.007627139507264770e-02,8.162147135438063347e-03,5.743237087178798897e-03,1.277034611930658731e-03,-8.810404160075101590e-03,-2.615954068547727759e-02,-4.931527286535997839e-02,-7.631815774825045917e-02,-1.054732407182789045e-01,-1.353696774873970055e-01,-1.648534752749671595e-01,-1.930097679134602229e-01,-2.191521282131262960e-01,-2.428118589133995420e-01,-2.637060130849344097e-01,-2.817177667463480750e-01
2.300517224569046532e-02,2.025026585501485399e-02,1.805712896816334331e-02,1.579655455613471551e-02,1.349968332657288696e-02,1.098578655251197453e-02,7.962987103011074860e-03,2.951848112903791756e-03,-7.487528913832731947e-03,-2.496770409139543664e-02,-4.817464755009837063e-02,-7.522103598483000086e-02,-1.044567102019242355e-01,-1.344570860163137593e-01,-1.640498580386401117e-01,-1.923034834076025046e-01,-2.185330515995769496e-01,-2.422723860935978857e-01,-2.632456827462156257e-01,-2.813373385223697509e-01
3.116942636656404655e-02,2.746472476464397947e-02,2.448831341031248651e-02,2.143462377652544798e-02,1.833288322269977302e-02,1.496660071589507417e-02,1.107027566700151920e-02,5.225732987731160177e-03,-5.826194769199559767e-03,-2.359131445508941272e-02,-4.690100249909018304e-02,-7.397019202294090323e-02,-1.032287131588262297e-01,-1.332750985034890367e-01,-1.629575392000957301e-01,-1.913461561909873265e-01,-2.177438072361271848e-01,-2.416452095641649922e-01,-2.627520387884756947e-01,-2.809470958499814541e-01
4.247083244153328219e-02,3.754381109121947974e-02,3.347459215022474677e-02,2.931151749018181402e-02,2.508641540806302861e-02,2.053613014906146422e-02,1.541592809545573248e-02,8.353483671248865608e-03,-3.698761555110431642e-03,-2.207790978708222551e-02,-4.577470672501937621e-02,-7.313102289497375175e-02,-1.026469706241595337e-01,-1.328898571650608817e-01,-1.626659920146519833e-01,-1.910346594343959037e-01,-2.173603224657957578e-01,-2.412073553371793522e-01,-2.623203297872044315e-01,-2.805687706818686400e-01
5.800476689240571804e-02,5.154483605732106816e-02,4.597949577390063325e-02,4.027765347617755232e-02,3.447286028760443433e-02,2.827457013926545221e-02,2.150157134409080850e-02,1.286084597048744831e-02,-4.059763858254554643e-04,-1.937664684105498691e-02,-4.320969946142501350e-02,-7.046703507622066598e-02,-9.988376982075741761e-02,-1.301923917757459304e-01,-1.602870032385465549e-01,-1.891724152599763287e-01,-2.160616018686858653e-01,-2.403552974891361438e-01,-2.617503576296371093e-01,-2.801559292608976071e-01
7.931453857441565780e-02,7.095186606233995497e-02,6.336546134169775135e-02,5.562639215282760147e-02,4.764218005055113198e-02,3.901509227376551148e-02,2.961315940187836393e-02,1.821742778617382874e-02,2.411523905979436923e-03,-1.853633560935829747e-02,-4.385388519176280225e-02,-7.215425452314354338e-02,-1.021541624240403373e-01,-1.325106532994805020e-01,-1.621453768801726369e-01,-1.902625301474389630e-01,-2.163960129268444610e-01,-2.401870084921011173e-01,-2.613826847219201666e-01,-2.797775393833996094e-01
1.086530493383087576e-01,9.800478420735199425e-02,8.742696014528944515e-02,7.701714322296798754e-02,6.657128276158660873e-02,5.553491487434773777e-02,4.383635352556427417e-02,3.033164019311019796e-02,1.295188375503684985e-02,-8.773630451836111205e-03,-3.436351948577690690e-02,-6.286073518960418050e-02,-9.341028387376548725e-02,-1.249195838796214875e-01,-1.562632968917499476e-01,-1.862838312689889808e-01,-2.140429253291192269e-01,-2.389064996774878380e-01,-2.606639102841688538e-01,-2.793094448696374910e-01
1.487706909936487298e-01,1.368658610371645268e-01,1.215711005979527443e-01,1.058539060775823687e-01,8.978110211860773626e-02,7.276488428965419142e-02,5.496048966419889159e-02,3.549531035488200092e-02,1.288397776999762254e-02,-1.282100902210228481e-02,-4.102655086428164816e-02,-7.074472629493260001e-02,-1.011557470373911222e-01,-1.313780548824749206e-01,-1.607372480854128705e-01,-1.887036264453459122e-01,-2.148656186338110674e-01,-2.388279606577262126e-01,-2.602611565232850199e-01,-2.788829543809646649e-01
1.953254088213039752e-01,1.895552667702843919e-01,1.745943500197417175e-01,1.575589918479720075e-01,1.391661274658732017e-01,1.188715075674995902e-01,9.700045800490841863e-02,7.289787292513416617e-02,4.554428971097973511e-02,1.531716982130867065e-02,-1.721864348184657528e-02,-5.118023507693190977e-02,-8.577025793018343280e-02,-1.200212248202832677e-01,-1.530248987910947656e-01,-1.839772901914389913e-01,-2.122455553658277594e-01,-2.374777618025560311e-01,-2.595640107181043099e-01,-2.784854144036185697e-01
