1.109909121199503411e-03
7.020253198397739813e-03
4.388371070099874455e-02
2.706183765914141892e-01
1.623217674622978057e+00
9.308800012003233704e+00
4.657577968279161951e+01
1.736675067302104196e+02
4.303399863645565233e+02
7.832063980386878939e+02
1.185903157649974219e+03
1.611086944498585808e+03
2.043804223115495006e+03
2.475267699928608181e+03
2.900046554874963931e+03
3.314151248779153320e+03
3.717424738631997570e+03
4.106603548809776839e+03
4.496607392008880197e+03
4.857884242144585187e+03
