1.121993995602385032e-02
6.372967822535439975e-02
3.558547409762966018e-01
1.946801430760232599e+00
1.025677312620963022e+01
5.005161651304778303e+01
2.091246814089257100e+02
6.699673662655777662e+02
1.629009569705684044e+03
3.159128793958085680e+03
5.241998214480455317e+03
7.857414400139439749e+03
1.088612525601266316e+04
1.425751921838234193e+04
1.810078612928800794e+04
2.207356137253057750e+04
2.624861020153891513e+04
3.057894098052008121e+04
3.478600941896803124e+04
3.964473964762419200e+04
