-8.260319523496649149e-03,-7.400816553889857756e-03,-6.485214212941615292e-03,-5.561488768330505837e-03,-4.608440788154559951e-03,-3.609062549766438657e-03,-2.567174559924789885e-03,-1.457505473229780014e-03,-3.054465008109238347e-04,8.831744814021071132e-04,2.127869358625786734e-03,3.390352467458273601e-03,4.679061149477138117e-03,5.986271687776444778e-03,7.309120443079651641e-03,8.643703706583813137e-03,9.986968853419774667e-03,1.133467037252076579e-02,1.268428981378678412e-02,1.403519279268441826e-02
-6.659817099782557384e-03,-5.945976854717220129e-03,-5.198024104694495134e-03,-4.442561327657167276e-03,-3.658761122764225826e-03,-2.826166447425376878e-03,-1.939230619394367080e-03,-9.621163726501793254e-04,7.873624841258627721e-05,1.183153328462539875e-03,2.354403879057713044e-03,3.560820190173274395e-03,4.805567808899106723e-03,6.078067974055812936e-03,7.373887589859498895e-03,8.687321648908565355e-03,1.001415131064825430e-02,1.134910496576252426e-02,1.268819678691099698e-02,1.403260791958878088e-02
-5.221673935222609884e-03,-4.655185593913113186e-03,-4.063741676365082052e-03,-3.465029350028347131e-03,-2.839965182546063619e-03,-2.166158453010266511e-03,-1.428204100472715192e-03,-5.787451343200565720e-04,3.589248424264388231e-04,1.389214649225774430e-03,2.498486359270299991e-03,3.660768934310826631e-03,4.872791626047422685e-03,6.121051419106895639e-03,7.399135842583492821e-03,8.699424238027010300e-03,1.001648125907173177e-02,1.134436023518322137e-02,1.267652391108825029e-02,1.401912925150286884e-02
-4.124351849712401194e-03,-3.674550010383676943e-03,-3.205271276702271761e-03,-2.729468744392848662e-03,-2.230151665524356640e-03,-1.684605375383348798e-03,-1.069333745533664320e-03,-3.263754623641198691e-04,5.281449135065597071e-04,1.501594136282965574e-03,2.565842548790228141e-03,3.698417486338729989e-03,4.889658061681044672e-03,6.123660533335950444e-03,7.392046749978829247e-03,8.685626172855518204e-03,9.997977643766635392e-03,1.132284771942446144e-02,1.265107304273750330e-02,1.399442726602505641e-02
-3.290351508985969210e-03,-2.930604433069696705e-03,-2.555508030582221389e-03,-2.174853941373467922e-03,-1.773749428788724825e-03,-1.330218588507785888e-03,-8.147897927048915363e-04,-1.602523202039473108e-04,6.271255945353223105e-04,1.556685063956543763e-03,2.588211558840005071e-03,3.700841530167025151e-03,4.878869007882859384e-03,6.104565801992821276e-03,7.367731322332093068e-03,8.658019329359646632e-03,9.968271354228393916e-03,1.129211184660415535e-02,1.261825342552696204e-02,1.396308563630577378e-02
-2.650265160869744781e-03,-2.360308315646156545e-03,-2.058168327956948467e-03,-1.751432410789195010e-03,-1.427152256705617158e-03,-1.064692719394318317e-03,-6.305394102634118408e-04,-4.977162066900339064e-05,6.826743587540285221e-04,1.577690175396831472e-03,2.585047379190325012e-03,3.684079883200328236e-03,4.853518180530447604e-03,6.074337249549584955e-03,7.334692229370666852e-03,8.623458119062520771e-03,9.932945247940276265e-03,1.125671151979583569e-02,1.258197842480664706e-02,1.392833038341536114e-02
-2.157924409646921286e-03,-1.922065491210667122e-03,-1.676431724364753654e-03,-1.427062868731340979e-03,-1.162725127929800737e-03,-8.644060953281509354e-04,-4.961408324456535908e-04,2.311176075799708420e-05,7.102659357286581496e-04,1.577698265124703432e-03,2.566950196672940655e-03,3.656567851319530386e-03,4.820294268135686538e-03,6.038244011368064379e-03,7.297112286622824129e-03,8.585301223194501119e-03,9.894744264924334662e-03,1.121892412836919539e-02,1.254410091104746910e-02,1.389186454341173951e-02
-1.782131687739238772e-03,-1.587871653391656566e-03,-1.385660349255268082e-03,-1.180444890817316942e-03,-9.624466565030967251e-04,-7.143508160575815251e-04,-3.989724876440668244e-04,6.931420758184855487e-05,7.190586042792123473e-04,1.564267147460850649e-03,2.539799250895495488e-03,3.622793965272152594e-03,4.782646440251858179e-03,5.998928029878532533e-03,7.257061041752417910e-03,8.545201230045174415e-03,9.855012420773462747e-03,1.117987204694604296e-02,1.250543319435229797e-02,1.385453723320085977e-02
-1.500993269103493340e-03,-1.338132427562836171e-03,-1.168695046601919566e-03,-9.968558987035074960e-04,-8.140278561323448583e-04,-6.045419757554360831e-04,-3.308971853896849674e-04,9.570502868189715477e-05,7.146804167526310840e-04,1.541924680562102622e-03,2.506954690255422738e-03,3.585205722432477718e-03,4.742398762415681902e-03,5.957746253812254075e-03,7.215592968901426811e-03,8.503998528039052179e-03,9.814426669116011956e-03,1.114012045180346432e-02,1.246632066762911814e-02,1.381676647072190012e-02
-1.298915066978262008e-03,-1.158928348516098618e-03,-1.013391888164256755e-03,-8.659407250402635517e-04,-7.089229276606440070e-04,-5.281913681728945273e-04,-2.865592848718962870e-04,1.066920545600376547e-04,7.006643075048229682e-04,1.513450481494545575e-03,2.470370013590484151e-03,3.545153345833749331e-03,4.700529244372914431e-03,5.915404528526155975e-03,7.173256841903287787e-03,8.462132126256844203e-03,9.773336176174721168e-03,1.109995830502591256e-02,1.242691029548270536e-02,1.377875398277788287e-02
-1.164990447914434355e-03,-1.040550591604686359e-03,-9.113126330692281757e-04,-7.805480414521027586e-04,-6.412948072710232929e-04,-4.807656922512800303e-04,-2.625002769759198309e-04,1.050585929429944911e-04,6.792125885212788039e-04,1.480557632856362984e-03,2.431177159380177536e-03,3.503376063318046872e-03,4.657559094549482311e-03,5.872266922947187544e-03,7.130339107563285830e-03,8.419833865740435769e-03,9.731923123729864858e-03,1.105953394751788520e-02,1.238726689527893353e-02,1.374059313734479933e-02
-1.092095855119281983e-03,-9.766826849904118157e-04,-8.569984963752040521e-04,-7.360922760872911979e-04,-6.074564445261497556e-04,-4.594848081215159607e-04,-2.566855502627420960e-04,9.241962297578076814e-05,6.516186091760425847e-04,1.444268826200958413e-03,2.390007540176501168e-03,3.460264174758422798e-03,4.613755838518852209e-03,5.828513614020121650e-03,7.086985465493540054e-03,8.377224752073288150e-03,9.690282514176857057e-03,1.101892405109144470e-02,1.234741826908496501e-02,1.370232446608860011e-02
-1.076381176534815798e-03,-9.639418021488326601e-04,-8.475665594324751804e-04,-7.302035703557734764e-04,-6.055698054331943442e-04,-4.630563885222330417e-04,-2.682534833231856541e-04,6.946865861916497686e-05,6.184974392872910837e-04,1.405123130696872688e-03,2.347169886997265212e-03,3.416002610814174861e-03,4.569241578129061045e-03,5.784223471942908160e-03,7.043263120617597635e-03,8.334364102950745506e-03,9.648462635737492174e-03,1.097816958459183617e-02,1.230737156580395154e-02,1.366396464177534707e-02
-1.117015596079496374e-03,-1.001652054884201578e-03,-8.825130103522803651e-04,-7.625604795844103962e-04,-6.355057578919110894e-04,-4.915552797110865060e-04,-2.973997871231674295e-04,3.609565709096956626e-05,5.798968967008675222e-04,1.363277533199879193e-03,2.302741590993350688e-03,3.370644956212510545e-03,4.524048442620054455e-03,5.739415750492654449e-03,6.999191604599741892e-03,8.291273819161523381e-03,9.606484531018691028e-03,1.093729374750877260e-02,1.226712455892553337e-02,1.362552097047425685e-02
-1.216130911302287483e-03,-1.091796704038372002e-03,-9.636752059843950056e-04,-8.348618948067151619e-04,-6.988246982607841705e-04,-5.464087988399547605e-04,-3.453589765650424102e-04,-8.588029918138429835e-06,5.353208663550954559e-04,1.318531826640123930e-03,2.256598811347275239e-03,3.324139798387394217e-03,4.478140260776578528e-03,5.694066290182802498e-03,6.954754654231171465e-03,8.247947722097366541e-03,9.564348684097287792e-03,1.089630880242507469e-02,1.222668455357383069e-02,1.358699613180046166e-02
-1.378948068876531497e-03,-1.239136416062627984e-03,-1.095341079293921582e-03,-9.509278772765064960e-04,-7.988682508152440036e-04,-6.304778930160966728e-04,-4.144721279519979944e-04,-6.630717222046251451e-05,4.836738461555243934e-04,1.270284122201570040e-03,2.208391808460114913e-03,3.276315572420595429e-03,4.431406450786841596e-03,5.648103318470559624e-03,6.909897471074202130e-03,8.204349451409709629e-03,9.522031906258186795e-03,1.085521447605614608e-02,1.218609906562004470e-02,1.354838382230932371e-02
-1.614107013181618599e-03,-1.451512303179264968e-03,-1.284523130798781616e-03,-1.116945160165634925e-03,-9.409761916011133908e-04,-7.482464843136620285e-04,-5.083517459076100772e-04,-1.397729946487830447e-04,4.231166326141167096e-04,1.217406385194836835e-03,2.157455926585291530e-03,3.226816935999801510e-03,4.383623237988792422e-03,5.601379770142736123e-03,6.864507478063849519e-03,8.160397496626213901e-03,9.479473501788007392e-03,1.081398713290405642e-02,1.214549347209717065e-02,1.350965432390488843e-02
-1.934265817157720078e-03,-1.740394776252744084e-03,-1.541452765132123688e-03,-1.341908086181015395e-03,-1.132874660532572509e-03,-9.061610044392980502e-04,-6.321829715650653918e-04,-2.329638107107075357e-04,3.507985809946992210e-04,1.158006813451080853e-03,2.102628131408921120e-03,3.174968521415251054e-03,4.334362807221736093e-03,5.553608464885134537e-03,6.818368875073637682e-03,8.115929821320240142e-03,9.436545113698013854e-03,1.077255452024537992e-02,1.210509928563808200e-02,1.347072915065002097e-02
-2.357122001852208180e-03,-2.121819357549848718e-03,-1.880423922048997040e-03,-1.638372431797615594e-03,-1.385342494438803829e-03,-1.113218139925951271e-03,-7.932528904569655830e-04,-3.516223255180860670e-04,2.623885109388551990e-04,1.089006975172498743e-03,2.041903823486445994e-03,3.119511252395073316e-03,4.282804656453761440e-03,5.504226578039784525e-03,6.771066409817430055e-03,8.070629178961731889e-03,9.392990137363757888e-03,1.073074316472392466e-02,1.206523995047488647e-02,1.343144395765143856e-02
-2.907195892747273681e-03,-2.618022419668028858e-03,-2.321272282355421254e-03,-2.023783191680933197e-03,-1.713393527452679310e-03,-1.382019041370205828e-03,-1.001910804646505629e-03,-5.041574326196373570e-04,1.512368098888313057e-04,1.005382251881909838e-03,1.971797518446087669e-03,3.058092602809540667e-03,4.227347714697352737e-03,5.452111082026256383e-03,6.721778866681674645e-03,8.023863553297155490e-03,9.348298569568230798e-03,1.068816870680301331e-02,1.202621403254606515e-02,1.339149413442353165e-02
-3.619114082954714377e-03,-3.260455396955637408e-03,-2.892112448274552095e-03,-2.522945413385168940e-03,-2.138494869322287231e-03,-1.730767687117846804e-03,-1.273401260108232656e-03,-7.033557558653588193e-04,6.807608166514490381e-06,8.987411343647380788e-04,1.886115952194087524e-03,2.986251064607548140e-03,4.164796493453946230e-03,5.394960956542483102e-03,6.668816663971033690e-03,7.974329102675302774e-03,9.301432365402999627e-03,1.064399971106672581e-02,1.198796761199297928e-02,1.335033790252893558e-02
-4.543746150675557517e-03,-4.095440388146136430e-03,-3.634503155873685352e-03,-3.172719836340143467e-03,-2.692823165593907948e-03,-2.187147222955569768e-03,-1.631443721561782328e-03,-9.697133539778508057e-04,-1.883545177230323928e-04,7.545738878591588339e-04,1.773536491512357326e-03,2.895343447060975354e-03,4.088630700901465555e-03,5.327932414035120925e-03,6.608566468519185000e-03,7.919233192556537904e-03,9.250205035613036017e-03,1.059644689563771225e-02,1.194937504671362768e-02,1.330699202440708759e-02
-5.756971674011036703e-03,-5.192566606090085260e-03,-4.611260972194816676e-03,-4.029277495236290724e-03,-3.426016083492082216e-03,-2.794662038651047481e-03,-2.114267215935925794e-03,-1.337182319565656400e-03,-4.639580165690462572e-04,5.473268140957969572e-04,1.613160810755273882e-03,2.768614089059678440e-03,3.985617008246065615e-03,5.240883880945039139e-03,6.533316966271338067e-03,7.852631631766502501e-03,9.190064510982856247e-03,1.054185144926699479e-02,1.190702887690841573e-02,1.325973847211589680e-02
-7.341966762220051082e-03,-6.631291893680515970e-03,-5.895546413367532684e-03,-5.159507573040359764e-03,-4.398915330089060022e-03,-3.608721491826309778e-03,-2.772915296793861551e-03,-1.853342112642968964e-03,-8.634282094570578867e-04,2.380781456810977933e-04,1.371675816746039224e-03,2.578183733197651848e-03,3.832944172139274644e-03,5.115985149027923659e-03,6.429464090699249512e-03,7.764337920511828715e-03,9.113688153953405577e-03,1.047487991288272371e-02,1.185520437736205940e-02,1.320716099517838839e-02
-9.097950793715984044e-03,-8.243507885702256940e-03,-7.342839293088738485e-03,-6.441250742391922170e-03,-5.511822756812018859e-03,-4.552167995587456419e-03,-3.552198707701175774e-03,-2.482773919800899259e-03,-1.366286623539230858e-03,-1.630999751629807928e-04,1.052780411201518921e-03,2.324311268791543622e-03,3.629724809877052979e-03,4.953069170880117396e-03,6.298287427354542882e-03,7.657559196548587716e-03,9.026277044369961783e-03,1.040238907630128273e-02,1.179868744526656535e-02,1.315876448656904188e-02
