-9.431059996024582573e-03,-8.607622842259599408e-03,-7.598503664554856832e-03,-6.542075662317236272e-03,-5.457559805998242822e-03,-4.301724247475477436e-03,-3.105910725925919123e-03,-1.832981411679336691e-03,-5.009361016850567535e-04,8.656709174683630253e-04,2.254899679228908674e-03,3.656568741231241548e-03,5.061259901135696689e-03,6.464754710001476522e-03,7.859025030552271168e-03,9.244969599508530075e-03,1.062090592421148678e-02,1.198402196420474131e-02,1.334442168783495260e-02,1.468864278788749832e-02
-7.384237047931404598e-03,-6.612490333068558358e-03,-5.794840505828787597e-03,-4.952810074872559740e-03,-4.090862394012144757e-03,-3.163786807367333608e-03,-2.187197858345212281e-03,-1.114600816581105130e-03,4.470554385154637767e-05,1.265463443483688015e-03,2.532530058673811320e-03,3.832855192222596376e-03,5.153644896941686482e-03,6.488385139843374887e-03,7.825996340575326615e-03,9.166821220122403288e-03,1.050705877410258379e-02,1.184178143660688694e-02,1.318064299296531523e-02,1.451001253749369634e-02
-5.664254572570883578e-03,-5.047866735795891908e-03,-4.422964993593596870e-03,-3.774972477790335210e-03,-3.107270390824933264e-03,-2.377364337295268838e-03,-1.587114850462077210e-03,-6.819406963740390739e-04,3.377397843114478596e-04,1.445133340004700747e-03,2.620480859001136399e-03,3.846682402055633283e-03,5.107027798549781082e-03,6.392444277328242566e-03,7.689109257694598694e-03,8.996824330395272393e-03,1.031024425822336076e-02,1.162357706134172115e-02,1.294565157137966133e-02,1.426418701119452903e-02
-4.403869532553353339e-03,-3.919352681403959378e-03,-3.434758694144991482e-03,-2.930033287751245864e-03,-2.407825158197386337e-03,-1.828977794425274772e-03,-1.184766376139061812e-03,-4.136447566361548932e-04,4.933065684582469421e-04,1.509190355434829236e-03,2.610240421037304196e-03,3.775890280013898849e-03,4.986290441172473546e-03,6.230463263713117636e-03,7.492731806750759817e-03,8.772257259925373210e-03,1.006281673578998843e-02,1.135850193312162859e-02,1.266675448802192031e-02,1.397734162108784858e-02
-3.471109291446294615e-03,-3.087473303289735207e-03,-2.707895092029804010e-03,-2.311832473156707601e-03,-1.900814281192356528e-03,-1.439484036874487177e-03,-9.117200947646337270e-04,-2.504650615563319802e-04,5.624275943099534643e-04,1.501391613377794009e-03,2.539376342342277663e-03,3.652989202399151408e-03,4.819830751879807321e-03,6.027571655047978330e-03,7.259265039986567865e-03,8.513351289328162722e-03,9.783312980952005994e-03,1.106339612987957896e-02,1.235949740257161200e-02,1.366376506155522579e-02
-2.772269390804426095e-03,-2.466606975285369052e-03,-2.167145228755830346e-03,-1.854233582805165726e-03,-1.528729935872631500e-03,-1.159264002015232510e-03,-7.250010778235473768e-04,-1.550677906848797912e-04,5.772959957618993901e-04,1.449143303087516415e-03,2.431044177903014195e-03,3.497552778330673909e-03,4.624276575128709495e-03,5.798076819428766258e-03,7.001124396288416207e-03,8.231138372919888369e-03,9.481761655637844372e-03,1.074735184630567011e-02,1.203231626915934882e-02,1.333128201585413210e-02
-2.249659615443636365e-03,-2.004605469458137310e-03,-1.766404020138618485e-03,-1.517202636924225865e-03,-1.257535308945777978e-03,-9.598684670371944059e-04,-6.007782330912392896e-04,-1.073216002214854675e-04,5.548664064892834188e-04,1.366522298517746335e-03,2.296859258269053333e-03,3.319220109730450317e-03,4.407732659113858253e-03,5.548936132106441210e-03,6.724363628421724942e-03,7.931059581597560762e-03,9.163157002656846864e-03,1.041495947215016760e-02,1.168953547298582328e-02,1.298395876084476597e-02
-1.865854565149020587e-03,-1.667584394028664681e-03,-1.475950689762943555e-03,-1.275298107292811151e-03,-1.066016054463979476e-03,-8.241019760475972811e-04,-5.251765811729969084e-04,-9.587281794728612144e-05,5.044876596547332587e-04,1.261110596771650291e-03,2.142919395262983875e-03,3.122919119760138914e-03,4.174241570820340190e-03,5.283534859299174671e-03,6.431866287442421053e-03,7.615687447503489450e-03,8.829841275306666085e-03,1.006838296436022261e-02,1.133322822104579526e-02,1.262378095346782664e-02
-1.595603174326426250e-03,-1.432790744251958648e-03,-1.276036481938190885e-03,-1.111852382114585829e-03,-9.405831988106896349e-04,-7.413845778789999574e-04,-4.901383571806721805e-04,-1.144970203526487503e-04,4.310747505921938539e-04,1.136734831745526758e-03,1.972162651611794430e-03,2.910897842472407338e-03,3.925542441151593301e-03,5.003228882086208085e-03,6.124708065584112335e-03,7.285951468664360504e-03,8.482643554957943963e-03,9.708389810621002175e-03,1.096416761991568685e-02,1.225153475208658714e-02
-1.421954695763138089e-03,-1.285110578655553277e-03,-1.153728506932227881e-03,-1.016174913710071693e-03,-8.728133993152084559e-04,-7.055629203069822787e-04,-4.914480739320677312e-04,-1.603319466613928237e-04,3.366607228898405631e-04,9.948176678469596457e-04,1.785539529629287742e-03,2.683740884582440714e-03,3.661955570281386942e-03,4.708126459303811108e-03,5.802849372166392870e-03,6.941762531585175811e-03,8.121463820619333543e-03,9.334884062647635233e-03,1.058232114651101383e-02,1.186726497897122416e-02
-1.334302160607681986e-03,-1.215275196688183137e-03,-1.101316944727336912e-03,-9.821663710683813456e-04,-8.582513731472177481e-04,-7.138634747270842682e-04,-5.277939878315763373e-04,-2.330373940053255836e-04,2.211291715545852653e-04,8.350114586585841809e-04,1.582562835189275409e-03,2.440850838438111091e-03,3.382807624151148562e-03,4.397474002348931120e-03,5.465486816808954110e-03,6.582335793260007950e-03,7.745576421459701016e-03,8.947192205434717494e-03,1.018711899209909406e-02,1.147052177877297581e-02
-1.327372797542779488e-03,-1.218938034733121683e-03,-1.115515942691294249e-03,-1.007643790635827548e-03,-8.958506408818524801e-04,-7.664273574348650980e-04,-6.003641792929980238e-04,-3.344398833424089452e-04,8.251414864075405945e-05,6.554509412926840103e-04,1.361528170092670071e-03,2.180649455151554249e-03,3.086618458761490776e-03,4.069836688534850949e-03,5.111228815256468015e-03,6.206357334781515030e-03,7.353784293950079050e-03,8.544218324640107456e-03,9.777603191563420670e-03,1.106049788973679712e-02
-1.400765220264418246e-03,-1.296264866133111726e-03,-1.197129852573092105e-03,-1.094083179650791890e-03,-9.877887732636656329e-04,-8.661859142621632654e-04,-7.127586565125460091e-04,-4.684690884349017662e-04,-8.296583925531823877e-05,4.527658907872829049e-04,1.119523361531770539e-03,1.900598509131331800e-03,2.771135964299295887e-03,3.723149506273166001e-03,4.738161481839460107e-03,5.812055505525247530e-03,6.944482708291427331e-03,8.124520625537225843e-03,9.352506169381097703e-03,1.063610495740779233e-02
-1.558869323850523708e-03,-1.451888051914673435e-03,-1.351050512225611660e-03,-1.246660500135048956e-03,-1.139550607726492202e-03,-1.018979447316447056e-03,-8.711270973714616657e-04,-6.413043521341925575e-04,-2.810683077024528050e-04,2.219130420304822181e-04,8.522740486983311535e-04,1.597077945043113342e-03,2.433251544165590183e-03,3.354668610009803407e-03,4.343831372871479607e-03,5.397203686838152048e-03,6.515661487307692311e-03,7.686333857723949212e-03,8.910282186123566484e-03,1.019601245358546342e-02
-1.811112404939268453e-03,-1.695175093291234050e-03,-1.586542802471064672e-03,-1.474554864248973267e-03,-1.360248622824899827e-03,-1.233891234698959250e-03,-1.084505422976889989e-03,-8.617057481574298249e-04,-5.198584913214418599e-04,-4.415431844790809615e-05,5.538365403421542004e-04,1.265126064407909659e-03,2.068799322175241852e-03,2.960827504111215522e-03,3.925150244428977572e-03,4.959062951530975732e-03,6.064860056395912288e-03,7.227549204872452983e-03,8.449103447112726525e-03,9.738660347166467127e-03
-2.172536281892593988e-03,-2.040820540240109206e-03,-1.917830077496940214e-03,-1.791527774907381758e-03,-1.663195849555977558e-03,-1.523812180182804047e-03,-1.365364802408990151e-03,-1.141541023859013113e-03,-8.102213009480860794e-04,-3.549877556237949474e-04,2.161254965608197878e-04,8.980245009304911857e-04,1.672220774142385916e-03,2.536983336976324048e-03,3.478211285498807471e-03,4.494259787776629968e-03,5.589080191245555593e-03,6.745656259533844117e-03,7.966827026907026196e-03,9.262250286953382580e-03
-2.664764405943999357e-03,-2.509823983499097702e-03,-2.365041767919819331e-03,-2.216839889490175922e-03,-2.066791483865266545e-03,-1.906293820519124526e-03,-1.730426977570336715e-03,-1.496557575989136517e-03,-1.166596959305964305e-03,-7.233541590368127447e-04,-1.717609024487474264e-04,4.866880959000901012e-04,1.236053429544868619e-03,2.077016588036531899e-03,2.997988456101853376e-03,3.998579444489581795e-03,5.084650924545329638e-03,6.237646318610502900e-03,7.460936770180000115e-03,8.764718710959379377e-03
-3.317497470078338648e-03,-3.130996055558788078e-03,-2.955661866412202885e-03,-2.776639856914819501e-03,-2.595849044127459832e-03,-2.404813812709060642e-03,-2.201863048667232654e-03,-1.947508469420662853e-03,-1.608039530883777820e-03,-1.166243088186237793e-03,-6.244979403787154432e-04,1.878312927960888859e-05,7.501669190792628096e-04,1.572713369890401834e-03,2.477862216548433645e-03,3.466633209168293143e-03,4.547023581026416079e-03,5.699868912032218272e-03,6.928464259273500736e-03,8.243699952511059775e-03
-4.170833918537871290e-03,-3.943288992619624171e-03,-3.726768117462372389e-03,-3.506105728375734105e-03,-3.283636963738199421e-03,-3.050711856077621773e-03,-2.809120311807990471e-03,-2.521862101202105872e-03,-2.159810750695388085e-03,-1.706362411170259845e-03,-1.161943883175761173e-03,-5.225805360778210508e-04,2.005999405665268259e-04,1.012795219598455884e-03,1.908859941855516919e-03,2.891315458976501541e-03,3.970443914700632661e-03,5.127819608980986772e-03,6.365891696683080407e-03,7.696497616916194405e-03
-5.279068133822454462e-03,-4.999589709315615388e-03,-4.728685578296908457e-03,-4.452945188346413806e-03,-4.175215679901784528e-03,-3.886354334871423843e-03,-3.591907066089068765e-03,-3.256594284314143217e-03,-2.855973678424677045e-03,-2.374546500807599332e-03,-1.811381191171186882e-03,-1.160919721556614645e-03,-4.323054530629184150e-04,3.813228247458173956e-04,1.278380388436409741e-03,2.262873632451696797e-03,3.347382430682685570e-03,4.515805890144622414e-03,5.769031432974704686e-03,7.120095525344882943e-03
-6.717439404164028162e-03,-6.373415212875401664e-03,-6.031442047556553887e-03,-5.683606078130386610e-03,-5.333383140231016603e-03,-4.970790035938624576e-03,-4.605538904406704208e-03,-4.203198973693894613e-03,-3.744047121200017383e-03,-3.214051751179323492e-03,-2.611466142675377376e-03,-1.929984586436118673e-03,-1.177150225183574549e-03,-3.451185873753770676e-04,5.679018812144926483e-04,1.567199797374855836e-03,2.667447062285224161e-03,3.856348506435006238e-03,5.132833409115751533e-03,6.511232576824580766e-03
-8.594727555083610943e-03,-8.171711396886074258e-03,-7.737122706102622476e-03,-7.295156783923471833e-03,-6.850069625099109057e-03,-6.390623945896040103e-03,-5.931252934446133024e-03,-5.437394347649677183e-03,-4.894054110849030588e-03,-4.288909489383502943e-03,-3.619868953154964722e-03,-2.880672683644608725e-03,-2.077651002123630068e-03,-1.202773750009674672e-03,-2.514182456480839028e-04,7.825059087048890760e-04,1.915208372575395940e-03,3.139044580502766638e-03,4.451065218162401915e-03,5.866640985173550600e-03
-1.107094080712133465e-02,-1.055575239191220739e-02,-1.000180341592736555e-02,-9.437319971678563568e-03,-8.868025221249489082e-03,-8.281043835443431533e-03,-7.696315816364754890e-03,-7.078107786804374406e-03,-6.416215475418493921e-03,-5.700200300096172623e-03,-4.928062166267926925e-03,-4.094314997426500707e-03,-3.204456368606482201e-03,-2.251063590995518345e-03,-1.227530881177952551e-03,-1.277669585234664598e-04,1.064925625482147399e-03,2.347126644113854861e-03,3.714390428442829965e-03,5.182341913871194895e-03
-1.430868975230360080e-02,-1.369801483745538943e-02,-1.300438093603348277e-02,-1.229263640355673405e-02,-1.157098111702191921e-02,-1.082447203955015473e-02,-1.007945884584029658e-02,-9.297952061198794249e-03,-8.474688613234108645e-03,-7.601280698785290238e-03,-6.676374579164907550e-03,-5.696087900030932447e-03,-4.665787628462291121e-03,-3.579684310289503804e-03,-2.430662833183467198e-03,-1.214178668784628157e-03,8.487915789587910907e-05,1.464741155190779154e-03,2.919324092363251646e-03,4.463258113247734436e-03
-1.783618771677275214e-02,-1.713644756569660324e-02,-1.633546533564605996e-02,-1.550894303456892658e-02,-1.466434232113500782e-02,-1.378337416593218741e-02,-1.289818439021693519e-02,-1.196693843563926413e-02,-1.098832346366468253e-02,-9.954994070353750599e-03,-8.865756164513483376e-03,-7.717875677852705299e-03,-6.516566083230254831e-03,-5.257729250233975082e-03,-3.935019810674274775e-03,-2.547183095135537208e-03,-1.083680133093003041e-03,4.500535097011606816e-04,2.043358252905761330e-03,3.706756845215670743e-03
