2.505036247874056765e-03
1.486838167751612476e-02
8.673730052204836616e-02
5.014459939452818871e-01
2.818573906740844848e+00
1.495552957141198824e+01
6.942137266843425891e+01
2.396322398525197457e+02
5.873801298074224633e+02
1.048612157613483078e+03
1.591410875364825642e+03
2.152279981679210778e+03
2.715000525514945821e+03
3.269676456895141655e+03
3.806291440573677392e+03
4.320314674154981731e+03
4.810054121498546920e+03
5.274642958498599910e+03
5.755466029202437312e+03
6.130986474653465848e+03
