-7.311285245671735392e-03,-6.508485914727338631e-03,-5.695647403403612460e-03,-4.868222709914256895e-03,-4.023698048904979924e-03,-3.137905183906004869e-03,-2.212604616022921002e-03,-1.243181845468859089e-03,-2.301680645166936056e-04,8.136433022877673704e-04,1.885308475077416895e-03,2.979634181707715816e-03,4.094140948136424860e-03,5.225689866238652365e-03,6.372393542929585472e-03,7.532004220380067623e-03,8.702853924081512677e-03,9.883900661771378299e-03,1.107320394394097768e-02,1.227113926483258156e-02
-6.054958535595389262e-03,-5.385568412514004158e-03,-4.706089221485385693e-03,-4.011540283554972108e-03,-3.298200281728147151e-03,-2.539905529512502275e-03,-1.730743000960311556e-03,-8.605846966438091125e-04,7.304867982210699699e-05,1.052804660389950256e-03,2.073081363672257729e-03,3.125881118247892873e-03,4.207039727317061703e-03,5.311680014664940316e-03,6.436816329956344084e-03,7.578986542739412670e-03,8.735789156423251836e-03,9.905520052388667313e-03,1.108538160820358477e-02,1.227585201951807842e-02
-4.852174756654069158e-03,-4.312856688059091802e-03,-3.764258874390269752e-03,-3.201403976482541328e-03,-2.619645960157616915e-03,-1.991838889417393149e-03,-1.303495299053485752e-03,-5.363500865233671380e-04,3.170466505904709006e-04,1.234736626632196386e-03,2.207484028514683679e-03,3.223697996046524100e-03,4.276907837262053022e-03,5.360082185085360620e-03,6.468843325081738600e-03,7.598386471412143205e-03,8.745500705638648009e-03,9.907751788010702929e-03,1.108170765315381889e-02,1.226764539472588282e-02
-3.901537304651560983e-03,-3.466622924635905101e-03,-3.023646700864707042e-03,-2.567963960301898694e-03,-2.094525400572658669e-03,-1.576447957806963000e-03,-9.919593999465293934e-04,-3.137674308818676813e-04,4.719998993181662877e-04,1.339824763176482823e-03,2.276431197882289315e-03,3.266402168406793566e-03,4.300720788558987269e-03,5.370217868149243512e-03,6.469129672854428970e-03,7.591514122891532615e-03,8.733457786240581347e-03,9.891929965311154621e-03,1.106315518176300382e-02,1.224709954646309093e-02
-3.164395539106143376e-03,-2.811330501211788124e-03,-2.451467478814017657e-03,-2.080631383316760598e-03,-1.693771691643157842e-03,-1.265117993177747140e-03,-7.673571795897803083e-04,-1.642986101658558342e-04,5.653831155537913933e-04,1.393796254735164700e-03,2.303452750167997269e-03,3.275052120268249004e-03,4.296965532237740672e-03,5.358052368218220972e-03,6.451275704565090537e-03,7.569821026482854986e-03,8.709203961466543964e-03,9.865955982183328629e-03,1.103607901574619153e-02,1.221935932307402148e-02
-2.590777718629890241e-03,-2.301893083069534492e-03,-2.007361384257677801e-03,-1.703496596767029763e-03,-1.385499158378584658e-03,-1.029177337928167046e-03,-6.033430055885472031e-04,-6.365065152198560170e-05,6.192732262082715610e-04,1.416288420880848107e-03,2.305684647681250764e-03,3.264341020084453662e-03,4.278070605627015688e-03,5.333997094611039533e-03,6.423960492893024399e-03,7.540518896364823039e-03,8.678736809416909628e-03,9.834837754919563413e-03,1.100460750793596891e-02,1.218788281416881801e-02
-2.144626180173157381e-03,-1.905965549347989974e-03,-1.662645799569991518e-03,-1.411429804802172023e-03,-1.147906625013930771e-03,-8.496485304027472703e-04,-4.830089619425931746e-04,3.426977468412718470e-06,6.472460637474822037e-04,1.419066659230401681e-03,2.293085738780969388e-03,3.242535554338856017e-03,4.250814527519166698e-03,5.303575699658848695e-03,6.391691192385943673e-03,7.507294008153327265e-03,8.645098692901384205e-03,9.801112183070016456e-03,1.097087586846174148e-02,1.215448558555878855e-02
-1.800859649792450239e-03,-1.601142790283324952e-03,-1.397588621292442145e-03,-1.187341546278693682e-03,-9.664412471180859349e-04,-7.142206776986575025e-04,-3.957024503929112264e-04,4.636079133353733636e-05,6.575452372748974775e-04,1.409090532730679661e-03,2.271356520398175489e-03,3.214201087773321461e-03,4.218814767451420540e-03,5.269646372427804100e-03,6.356745531257736170e-03,7.471975891880163964e-03,8.609784302536673331e-03,9.766019482794575934e-03,1.093595702464901509e-02,1.212008761390228999e-02
-1.541654532273993268e-03,-1.371554163068469624e-03,-1.198286701620454673e-03,-1.019300123885279099e-03,-8.311011849293551378e-04,-6.146593537944646836e-04,-3.345214167801218125e-04,7.113014685145416553e-05,6.553054904301778205e-04,1.390571727715585008e-03,2.243822021285935605e-03,3.181896126236164780e-03,4.184025284894738080e-03,5.233702693438310044e-03,6.320286711778448294e-03,7.435483995748312473e-03,8.573538440432579635e-03,9.730175590418978226e-03,1.090039872379435296e-02,1.208516011192392083e-02
-1.354223365892249760e-03,-1.205843633031730830e-03,-1.054834914855540436e-03,-8.988679366899233504e-04,-7.349082518254855317e-04,-5.453627068930011392e-04,-2.949234003231245255e-04,8.158559145412090804e-05,6.437806965305043275e-04,1.366101273665207023e-03,2.212448402083076575e-03,3.147068794253562920e-03,4.147510582720292244e-03,5.196531060344896508e-03,6.282915947411903297e-03,7.398289153876090422e-03,8.536741246110974082e-03,9.693895286472964390e-03,1.086448314768471285e-02,1.204994494376751546e-02
-1.229578838488563138e-03,-1.096052054017255866e-03,-9.603213684516809321e-04,-8.201993799119220970e-04,-6.730910562847503085e-04,-5.025953923604958677e-04,-2.739812893715302825e-04,8.016375889039739351e-05,6.250150801741232321e-04,1.337266278598602020e-03,2.178393408249715540e-03,3.110532687639550823e-03,4.109846249031611637e-03,5.158542472832574645e-03,6.244944789433866036e-03,7.360635985194004423e-03,8.499591254886484232e-03,9.657344008811475852e-03,1.082835428008000096e-02,1.201456409287255875e-02
-1.161835926053962414e-03,-1.036989593953014906e-03,-9.102680730309469512e-04,-7.795450141249973732e-04,-6.426430018941255151e-04,-4.840784132403928419e-04,-2.699807662867622477e-04,6.828141799584817222e-05,6.002180352895577532e-04,1.304996459232330439e-03,2.142312985203900181e-03,3.072726603287923974e-03,4.071331379499344358e-03,5.119943526856639109e-03,6.206531502505057037e-03,7.322651262468144774e-03,8.462193129723582369e-03,9.620609703517269198e-03,1.079208413098233649e-02,1.197907751263022416e-02
-1.147820067535407305e-03,-1.025885603455392895e-03,-9.023218940260403559e-04,-7.749814748262357292e-04,-6.420859528413569526e-04,-4.887728069440596974e-04,-2.822054575008401084e-04,4.655041682104999932e-05,5.699716216563441946e-04,1.269758332998544275e-03,2.104532584563505778e-03,3.033857248621633310e-03,4.032101805328325468e-03,5.080824640191643031e-03,6.167749024096770734e-03,7.284396310666401732e-03,8.424599327290525907e-03,9.583736681679156516e-03,1.075570793026958336e-02,1.194351401717066996e-02
-1.186873054371726487e-03,-1.062216899910263654e-03,-9.361052187835679867e-04,-8.062836140076481972e-04,-6.713612237045577923e-04,-5.167811756611240042e-04,-3.108360929474386354e-04,1.488192644289330950e-05,5.343329001748896995e-04,1.231653624502366574e-03,2.065135510864067690e-03,2.993972843380671416e-03,3.992187055033790365e-03,5.041202910365012377e-03,6.128616575538238520e-03,7.245890642539644377e-03,8.386828530690823569e-03,9.546740661412532122e-03,1.071924160998490548e-02,1.190788629427000540e-02
-1.280810649360796969e-03,-1.147672547104766193e-03,-1.013188125031685028e-03,-8.749036934895598402e-04,-7.318147143668639592e-04,-5.693341054517961743e-04,-3.569306474587023606e-04,-2.748888992595020084e-05,4.928592595430402769e-04,1.190447263269171947e-03,2.023992064195149695e-03,2.952989791706595729e-03,3.951531289622251843e-03,5.001037396863182785e-03,6.089110090460718785e-03,7.207119430253215546e-03,8.348871270023993513e-03,9.509613545746220878e-03,1.068268839918060271e-02,1.187219596907154555e-02
-1.434020525553561650e-03,-1.286244839291116613e-03,-1.137172753133498153e-03,-9.840490454582049868e-04,-8.262678451672352377e-04,-6.488524275114091952e-04,-4.224756242506778523e-04,-8.204840614748321016e-05,4.445647652755178088e-04,1.145531641922138038e-03,1.980735810260058662e-03,2.910679033128287657e-03,3.909985043113020468e-03,4.960223398535178532e-03,6.049157231548953940e-03,7.168029494388158257e-03,8.310686546955062259e-03,9.472320962038295600e-03,1.064603824838121840e-02,1.183643213834215807e-02
-1.653716450432993808e-03,-1.484461206281411511e-03,-1.313903415884630499e-03,-1.138870530209392176e-03,-9.591853859414989055e-04,-7.590949799522923609e-04,-5.105171394016654951e-04,-1.511286961572609817e-04,3.877989267743513430e-04,1.095818195150660961e-03,1.934678508546999439e-03,2.866605357040672569e-03,3.867263292323125465e-03,4.918563152798483863e-03,6.008615492346186526e-03,7.128512691739584926e-03,8.272188606609474221e-03,9.434791809563880874e-03,1.060926118884430308e-02,1.180056470632590178e-02
-1.950400886419054831e-03,-1.751804988233915958e-03,-1.551846362581987609e-03,-1.346801925341996505e-03,-1.136976983685480990e-03,-9.054259448665299189e-04,-6.254043806262921806e-04,-2.381417531080471251e-04,3.200180769393256089e-04,1.039527752486613978e-03,1.884636657191109555e-03,2.819995941381339688e-03,3.822850716495193504e-03,4.875698513312590708e-03,5.967222658464833331e-03,7.088368520935730589e-03,8.233217496154011245e-03,9.396894706135194841e-03,1.057229191944236008e-02,1.176453101403670404e-02
-2.338654876911637828e-03,-2.101434319945000729e-03,-1.862739289112476989e-03,-1.618141882615912455e-03,-1.368516768937450565e-03,-1.095280538779533699e-03,-7.732209064829722624e-04,-3.479956301878512617e-04,2.373828312871699442e-04,9.738177827811103074e-04,1.828611510763399409e-03,2.769485506973484376e-03,3.775809356341286102e-03,4.830969643714278124e-03,5.924491713893327745e-03,7.047224434315263811e-03,8.193476696310972307e-03,9.358388076033940031e-03,1.053499528447754234e-02,1.172820867402752862e-02
-2.838507126250354451e-03,-2.551430895939470114e-03,-2.262723329400740530e-03,-1.967073751624872323e-03,-1.666061488134916099e-03,-1.338997928710231522e-03,-9.625647400988666946e-04,-4.878440379303344647e-04,1.340428328088626587e-04,8.941192454012674177e-04,1.763203985747656324e-03,2.712629082956084098e-03,3.724392395393948032e-03,4.783118778947988842e-03,5.879484721740777312e-03,7.004362148568558585e-03,8.152397255002335683e-03,9.318811817093959962e-03,1.049708474881536589e-02,1.169135420052628931e-02
-3.477864704112746622e-03,-3.127023888621208777e-03,-2.774368108979230734e-03,-2.413502771508239768e-03,-2.046920900606055260e-03,-1.651355397945876088e-03,-1.205996819069872668e-03,-6.684705122269903174e-04,8.315077724484591888e-07,7.929279840385158396e-04,1.682526771130838381e-03,2.644961241510197618e-03,3.665263115462891619e-03,4.729663466568561833e-03,5.830318021200551863e-03,6.958329840763554340e-03,8.108832766385557292e-03,9.277245101855853548e-03,1.045792604240002206e-02,1.165345577913801632e-02
-4.296545010695485868e-03,-3.864296767595041919e-03,-3.430070942526565816e-03,-2.986173149926211155e-03,-2.536334571286650696e-03,-2.054260462383325665e-03,-1.522622221493578421e-03,-9.067676590826588383e-04,-1.770733875718587518e-04,6.576256525553148035e-04,1.576205752438302864e-03,2.558211390820479183e-03,3.591952077418080445e-03,4.665606462633846256e-03,5.773109025911879640e-03,6.906098959481779022e-03,8.060392177805322106e-03,9.231781262155680512e-03,1.041609201653007251e-02,1.161339909747256295e-02
-5.349357222217723286e-03,-4.813106224299889581e-03,-4.274848327336928759e-03,-3.725388531834688752e-03,-3.170195693504838409e-03,-2.579575301064616563e-03,-1.941096275607008580e-03,-1.228867383336687069e-03,-4.232826128898486582e-04,4.674143327577670679e-04,1.426433781714328422e-03,2.437546356072363939e-03,3.492361861340085877e-03,4.581264180280195109e-03,5.700153179776294016e-03,6.841589725386378051e-03,8.002289158239968975e-03,9.178661488298878179e-03,1.036862362490410111e-02,1.156894980185953908e-02
-6.678066079124582617e-03,-6.011950445656068752e-03,-5.344146869845487445e-03,-4.663866181808164028e-03,-3.979001041381931107e-03,-3.256288815094625453e-03,-2.489905037396913413e-03,-1.663081424138395910e-03,-7.652172518319763899e-04,1.966648371380782991e-04,1.210051364537637671e-03,2.262715648594379805e-03,3.349293067544455420e-03,4.462460790964042218e-03,5.600021859659585870e-03,6.755845248704927218e-03,7.927703241157347050e-03,9.112874761529240683e-03,1.031162533130252495e-02,1.151757211325627438e-02
-8.062810288144621126e-03,-7.263125465473579435e-03,-6.462547151587414405e-03,-5.648984780617088454e-03,-4.833088199443676125e-03,-3.978566155915951377e-03,-3.086630680607467883e-03,-2.147834785091395048e-03,-1.157759928505685057e-03,-1.218978742435010534e-04,9.506918416810372944e-04,2.050927936689481319e-03,3.175646282189426191e-03,4.319436788117513373e-03,5.481464095747868963e-03,6.656962978132151439e-03,7.844627352355724309e-03,9.042617018700242065e-03,1.025270758039727344e-02,1.146731651500840915e-02
