2.205536935302681786e-03
1.472355663460046121e-02
9.413591911540140911e-02
5.939138486230155500e-01
3.662525087304414395e+00
2.185358875096016718e+01
1.158128449294339219e+02
4.859354208598479659e+02
1.456422041445489867e+03
3.257629198368365905e+03
5.936357234420735040e+03
9.443036800966983719e+03
1.369042750610376061e+04
1.855264498260064283e+04
2.396541352735710461e+04
2.980075513538945233e+04
3.590225327061772987e+04
4.203073102253857360e+04
4.808284211202407459e+04
5.376315757933036366e+04
