2.354567728473136532e-03
1.490818625051062475e-02
9.355606425499359002e-02
5.801854791610968620e-01
3.496502350358166034e+00
1.993039573887314830e+01
9.940736311243067291e+01
3.798201768468480282e+02
1.047730246846024329e+03
2.195071142676030377e+03
3.825589983561937061e+03
5.938373304462811575e+03
8.413271803669438668e+03
1.132883924260445747e+04
1.448241645659087226e+04
1.789299607723494046e+04
2.152766745613099920e+04
2.532238282886880552e+04
2.906920648357938990e+04
3.333144627177844814e+04
