4.604972003010781656e-04
3.232344832691042263e-03
2.203219347645879109e-02
1.493332684289831180e-01
9.887323718079065182e-01
6.379202154112302736e+00
3.719614434541893644e+01
1.670560095904232583e+02
4.951647374685820751e+02
9.957441991697015737e+02
1.598483382701863320e+03
2.250816973651386888e+03
2.911101654569634775e+03
3.553113339165213347e+03
4.161770584489399880e+03
4.727355971677077832e+03
5.248587789244211308e+03
5.725099085170792932e+03
6.159317572543020106e+03
6.554778242337467418e+03
