1.395866597034853447e-02
6.981147811213971044e-02
3.431271393108537016e-01
1.642216976942279638e+00
7.630756632534126283e+00
3.243074729025789793e+01
1.164150716810271717e+02
3.202491540053230210e+02
6.547032790004392382e+02
1.085802083998371700e+03
1.569072546329012766e+03
2.082878239081903757e+03
2.602401335027324876e+03
3.120152566388965170e+03
3.628977423953230755e+03
4.125753329997465698e+03
4.607576408562206780e+03
5.092689327864351071e+03
5.540057908600921110e+03
5.972291601925306168e+03
