-7.123845084537599320e-03,-6.346573738487918705e-03,-5.573449862025696769e-03,-4.779924875156847663e-03,-3.956657244847503960e-03,-3.098169769598901977e-03,-2.198331529913274268e-03,-1.251407271748741518e-03,-2.699255068280776771e-04,7.334256614917330315e-04,1.746282451516694518e-03,2.760937950133334189e-03,3.784188534717909669e-03,4.800213758529553627e-03,5.826848320939782486e-03,6.855221520634167606e-03,7.885668517798578511e-03,8.913829113226651862e-03,9.957826408069024235e-03,1.100618375188331180e-02
-5.792267007064094350e-03,-5.158443623732855698e-03,-4.526668791562007098e-03,-3.876303100701321194e-03,-3.197003617098234402e-03,-2.478959941692995047e-03,-1.708489588126378212e-03,-8.720608733304794627e-04,1.952007848055897183e-05,9.505193871207714583e-04,1.902617284557694575e-03,2.865804291000745643e-03,3.845700890633298088e-03,4.823749037115806527e-03,5.818168308651680901e-03,6.818598587077956061e-03,7.825081539196114197e-03,8.831952318938322485e-03,9.858472553058356125e-03,1.089196733241265189e-02
-4.515103110157245650e-03,-4.020693837152033989e-03,-3.527082721725313588e-03,-3.017682636332185558e-03,-2.482258684575004096e-03,-1.907916803679163536e-03,-1.273307222649612720e-03,-5.546088768158476297e-04,2.418398207646201546e-04,1.097396034014318103e-03,1.987100910183831840e-03,2.898082716301782821e-03,3.834328641705869994e-03,4.774660500264861669e-03,5.737217046334845867e-03,6.710066956825987139e-03,7.693334943773530270e-03,8.679724959203371018e-03,9.690035232165569376e-03,1.070987563302367232e-02
-3.513373398459321718e-03,-3.129576014554676707e-03,-2.746042506374983365e-03,-2.349595338733317332e-03,-1.930921917138451061e-03,-1.475921565850956850e-03,-9.577902144316573566e-04,-3.427521837116964502e-04,3.694669916028557512e-04,1.158596097546423431e-03,1.993788924455081307e-03,2.859552188338801166e-03,3.757837877363609264e-03,4.665724072434272555e-03,5.600743351528291759e-03,6.549764598247149322e-03,7.513216101039955561e-03,8.482230631717565736e-03,9.479233689998277368e-03,1.048808902401338235e-02
-2.750831996749923507e-03,-2.452121642178183274e-03,-2.153472845808766800e-03,-1.844454183356802760e-03,-1.516989011957550022e-03,-1.157067839167210451e-03,-7.348212781497219818e-04,-2.081934940765333927e-04,4.308224002034064686e-04,1.161849000847890506e-03,1.949236114101513418e-03,2.775505796842896947e-03,3.640133715614494569e-03,4.519493819730626555e-03,5.429992203653195675e-03,6.357858376282421974e-03,7.303816665153287785e-03,8.257653436535096481e-03,9.243282100047203395e-03,1.024308189877696368e-02
-2.173912974608437423e-03,-1.940376659934894225e-03,-1.706833291782366112e-03,-1.465028549706028690e-03,-1.208146552953861955e-03,-9.229960215557277267e-04,-5.785899188627507657e-04,-1.267762162076608180e-04,4.483655447641197132e-04,1.127763299308096479e-03,1.872139139544929309e-03,2.662867329029776266e-03,3.496532784338691330e-03,4.349847152351877209e-03,5.237547133718524484e-03,6.145876044649303122e-03,7.075723193638064693e-03,8.015846893440944573e-03,8.991276970712603483e-03,9.983402153530293241e-03
-1.741556594431523542e-03,-1.557769584704086011e-03,-1.373958838351496941e-03,-1.183576991659806340e-03,-9.809652050648800994e-04,-7.540937271335216392e-04,-4.722727418714119389e-04,-8.347743740857266022e-05,4.356040972726146310e-04,1.068364598063069803e-03,1.773093861942001822e-03,2.530919638631101091e-03,3.335230619619218573e-03,4.164029648630649706e-03,5.029830178464829611e-03,5.919555125295125793e-03,6.834104599785072870e-03,7.761599422460426986e-03,8.727577193046393358e-03,9.713153928146084706e-03
-1.424100711102633783e-03,-1.277993710460175771e-03,-1.131866722272062940e-03,-9.804956258448514848e-04,-8.192316704410923089e-04,-6.373211645839647757e-04,-4.053266208444465061e-04,-6.937202096138434730e-05,4.002645984367456892e-04,9.903027931175243260e-04,1.657773505302172472e-03,2.384424539029283020e-03,3.160319105280429315e-03,3.965546766256255844e-03,4.809870015939419867e-03,5.681503194530593097e-03,6.581243479120955225e-03,7.497039552842713062e-03,8.454091218208118624e-03,9.434174573804169142e-03
-1.200314280270401357e-03,-1.082316506749657911e-03,-9.643112481457498560e-04,-8.420854774876529447e-04,-7.118505944821787446e-04,-5.641164955756094437e-04,-3.713009384134124870e-04,-7.939461751705626706e-05,3.464969881084251709e-04,8.969832481334129737e-04,1.528956075188769208e-03,2.225548289106067147e-03,2.973589113849238637e-03,3.755844198112934414e-03,4.578868712651293707e-03,5.432681198533494300e-03,6.317927913306179040e-03,7.222936002459736521e-03,8.171501040440959027e-03,9.147171263068697850e-03
-1.055426283669465889e-03,-9.578145916261282707e-04,-8.602126666173213034e-04,-7.591634830812488133e-04,-6.516027713706374356e-04,-5.292259024853617540e-04,-3.666542068697522887e-04,-1.111345218781160769e-04,2.760594996640969843e-04,7.897067443112548192e-04,1.387598518094553023e-03,2.054876278584331136e-03,2.775467152355662152e-03,3.535171318585350088e-03,4.336998017746387588e-03,5.173158938074619469e-03,6.044162670641373657e-03,6.939350606431910276e-03,7.879877202644512690e-03,8.852276981020200039e-03
-9.799320630786844018e-04,-8.963182139425287381e-04,-8.127351788626012473e-04,-7.262706120152025114e-04,-6.344688504058102353e-04,-5.301021459031996386e-04,-3.901656019238174187e-04,-1.642364604311417312e-04,1.889086221121822728e-04,6.682364397295873816e-04,1.233368159330966917e-03,1.871917067274908369e-03,2.565474374719122798e-03,3.303001307362832522e-03,4.083783773610964903e-03,4.902482445928281821e-03,5.759521239745373812e-03,6.645949442852785646e-03,7.578973117547007851e-03,8.549307826532433555e-03
-9.688943892544163352e-04,-8.938054144208445496e-04,-8.187724700037083162e-04,-7.412484783252185332e-04,-6.592917091981701340e-04,-5.666314611371764615e-04,-4.426849623143789994e-04,-2.401489743128790524e-04,8.344387351351376689e-05,5.310314008187059761e-04,1.064860683857565783e-03,1.675315025129068668e-03,2.342417229134534547e-03,3.058207447639775794e-03,3.818265942541277606e-03,4.619827854179822321e-03,5.463300200403752548e-03,6.342129425840786414e-03,7.268344938336686496e-03,8.237865566341810719e-03
-1.021597031093424883e-03,-9.501170886035123280e-04,-8.787236579849370260e-04,-8.050768475327948689e-04,-7.276741784051800463e-04,-6.410808101800994762e-04,-5.271030652326031849e-04,-3.420973183289873843e-04,-4.347125469210972589e-05,3.752635071524069044e-04,8.796160156204176680e-04,1.462877922557547297e-03,2.104412077090364423e-03,2.799094006920629235e-03,3.539026882832905542e-03,4.324028547225758357e-03,5.154554227872022894e-03,6.027041969437346713e-03,6.947371577040649566e-03,7.917359280276916808e-03
-1.141491588435651671e-03,-1.068940589948018599e-03,-9.965134934476025264e-04,-9.219312045094953502e-04,-8.440741973358623822e-04,-7.582254646411582975e-04,-6.484951518334456820e-04,-4.752278949293581539e-04,-1.966570602618770156e-04,1.966713363030083241e-04,6.739826776530827897e-04,1.231466957961404500e-03,1.848791154941078433e-03,2.523327891658832395e-03,3.244133474048733166e-03,4.013521229764470399e-03,4.832052779482415121e-03,5.699559960753238994e-03,6.615217804695635272e-03,7.586986954291585414e-03
-1.336421905007253779e-03,-1.258049548028140029e-03,-1.179847592079128924e-03,-1.099453921938489112e-03,-1.016092590209705885e-03,-9.256509958761728434e-04,-8.144270241176095482e-04,-6.469079998842057651e-04,-3.829140588874063852e-04,-1.072876132786681761e-05,4.428487792269794089e-04,9.767643505422364883e-04,1.571906633779830567e-03,2.227787675539118304e-03,2.931012654289685566e-03,3.686235117342724892e-03,4.494182640416866450e-03,5.358215043747519002e-03,6.270768717029483012e-03,7.245700382653775737e-03
-1.619138625897938947e-03,-1.529813691169697523e-03,-1.440717621262585860e-03,-1.349254937709582110e-03,-1.254969848344066313e-03,-1.154245011542251670e-03,-1.035435492943458536e-03,-8.671877249459349372e-04,-6.114702572000590194e-04,-2.550747869553938530e-04,1.792380436523754365e-04,6.929137685311166465e-04,1.268829426634948037e-03,1.908326748495005245e-03,2.596261828751456665e-03,3.339433269724612161e-03,4.138810345886067762e-03,5.001117798368361241e-03,5.912554009194623782e-03,6.892165222108191658e-03
-2.008143204126995249e-03,-1.902017472832277225e-03,-1.796194698695545953e-03,-1.687679578410544810e-03,-1.576328688451647791e-03,-1.458913684982000858e-03,-1.325714825121441631e-03,-1.149450908057550154e-03,-8.946007408021802937e-04,-5.472519893947328179e-04,-1.262461266370026934e-04,3.720144809625392109e-04,9.329233453302914880e-04,1.559431241323806869e-03,2.235379840872779838e-03,2.969500438871040555e-03,3.763108274065507085e-03,4.625860203580776236e-03,5.538670338288538553e-03,6.524720154074108852e-03
-2.528937749380220836e-03,-2.399061406750319699e-03,-2.269582390618015387e-03,-2.136912322791067673e-03,-2.001228434697755951e-03,-1.859585859851265247e-03,-1.704067585921846930e-03,-1.511308049284240153e-03,-1.248465859284680120e-03,-9.016860432342802640e-04,-4.861641041720680284e-04,3.434910024778029698e-06,5.552583724862627428e-04,1.173736782490942794e-03,1.842387416911913864e-03,2.571655204468688023e-03,3.363334776222584414e-03,4.229387781047680775e-03,5.146699382837118149e-03,6.141335207237696124e-03
-3.215824524804118505e-03,-3.053684351351523482e-03,-2.892061915233950717e-03,-2.726543356582155405e-03,-2.557652149170964746e-03,-2.382619333257145720e-03,-2.195227318240110161e-03,-1.975830694857016578e-03,-1.694258211114700510e-03,-1.337415667662262501e-03,-9.172404360166410255e-04,-4.271158878469568081e-04,1.238008633576595074e-04,7.413443121280127897e-04,1.409283097970383215e-03,2.139542479245069330e-03,2.934540078168403846e-03,3.807818171194814107e-03,4.733610404107894791e-03,5.739569633089362105e-03
-4.114534365988312126e-03,-3.909474935606114740e-03,-3.705086454015603988e-03,-3.495843317923669809e-03,-3.282660076675892810e-03,-3.062830583757667098e-03,-2.831761119020282692e-03,-2.573321550348945611e-03,-2.259837326351316414e-03,-1.879605122922331940e-03,-1.441762229455409178e-03,-9.388803465377468585e-04,-3.777331710829614879e-04,2.488310956422871436e-04,9.252417016726616379e-04,1.664628771095793582e-03,2.470142259502821399e-03,3.356171138645386645e-03,4.295630721457178655e-03,5.316534169790066051e-03
-5.286181753921266602e-03,-5.024651347348928904e-03,-4.763984692872127481e-03,-4.497186940422732981e-03,-4.225630002348536481e-03,-3.946547680667907357e-03,-3.656929433408916564e-03,-3.343974360143075943e-03,-2.982180390861971335e-03,-2.561794727577509142e-03,-2.089639816806535943e-03,-1.557935798282858962e-03,-9.715624655655771174e-04,-3.222167184344453504e-04,3.754053101209724554e-04,1.135277150009963510e-03,1.961284073216850755e-03,2.867963568679166107e-03,3.828069370706480620e-03,4.868876737850240388e-03
-6.812792864683383728e-03,-6.477357099201580537e-03,-6.143020975848445357e-03,-5.800873051098353640e-03,-5.452831122666208785e-03,-5.095931397082489010e-03,-4.728743544582657277e-03,-4.341657101490038230e-03,-3.910870546709532998e-03,-3.429091185415841965e-03,-2.901304132098327451e-03,-2.319809122354214367e-03,-1.688169109963521359e-03,-9.972237858302220644e-04,-2.607837876850131894e-04,5.354732454215709384e-04,1.395969080237752799e-03,2.334713816870828771e-03,3.325170267760864818e-03,4.392909055813690004e-03
-8.798449124957124362e-03,-8.366828208505259698e-03,-7.936577075837357442e-03,-7.496323253893153946e-03,-7.048634649162437149e-03,-6.590194187456825843e-03,-6.121174946929819338e-03,-5.635090265286816537e-03,-5.109202724445804748e-03,-4.539166949176446503e-03,-3.928581685682998662e-03,-3.270215758422005247e-03,-2.566900288122140293e-03,-1.809054577461968044e-03,-1.009804314529095474e-03,-1.551362802296238754e-04,7.594072805261173386e-04,1.746603701504559954e-03,2.781080496415603946e-03,3.885873451398613124e-03
-1.130918631846476730e-02,-1.075631718646010045e-02,-1.020508214848705152e-02,-9.641089932819483371e-03,-9.067643191958055585e-03,-8.480911374964218361e-03,-7.882656714717460600e-03,-7.269489921200823594e-03,-6.618913478457227537e-03,-5.929954224486383776e-03,-5.205259405763178540e-03,-4.438391902035616204e-03,-3.631994958474579586e-03,-2.776613585540792326e-03,-1.885143331319262539e-03,-9.446612401754333208e-04,4.850231757261957283e-05,1.105204246448486223e-03,2.201105786547810465e-03,3.356216983689815341e-03
-1.390692006073441893e-02,-1.322933939391915913e-02,-1.255356232005080779e-02,-1.186221340077004381e-02,-1.115925178727040883e-02,-1.044028878233214074e-02,-9.708373092321385955e-03,-8.962793667679600992e-03,-8.180483058143060357e-03,-7.363651846201011743e-03,-6.514463640644013384e-03,-5.627372050268843184e-03,-4.705260540773044571e-03,-3.739247743628947278e-03,-2.742638200714288439e-03,-1.704084881459501984e-03,-6.213903841338654348e-04,5.142888559648093466e-04,1.678925378425503989e-03,2.890081628921436271e-03
