2.521611772547539473e-02
1.188587762897854311e-01
5.555872236821440824e-01
2.525144214999126113e+00
1.099867041517854993e+01
4.411546805789094350e+01
1.514340365496840093e+02
4.053797097426011078e+02
8.162643499000212159e+02
1.340151841569578437e+03
1.919024482482479470e+03
2.514535836375280724e+03
3.106648715720968994e+03
3.683077970761701636e+03
4.236974412451531862e+03
4.767785588862274381e+03
5.273478680655407516e+03
5.753978349082500245e+03
6.230708183079625996e+03
6.660116129315792932e+03
