9.521993908762065029e-03
5.630863400156645854e-02
3.233034213298658366e-01
1.808441714640548037e+00
9.836787606396075745e+00
5.045542681331187396e+01
2.220141464480301465e+02
7.628152010554609888e+02
1.962792668582094166e+03
3.995414358134727536e+03
6.893360953257614710e+03
1.063003449607843140e+04
1.509872718990395697e+04
2.023848809781220552e+04
2.583643073068410740e+04
3.189893526692729938e+04
3.825590756664715445e+04
4.474945262700995227e+04
5.120165299560565472e+04
5.729857437127366575e+04
