3.740833606070080673e-03
2.122698973058242955e-02
1.185480472591633055e-01
6.559665993022384400e-01
3.500153581549755089e+00
1.755376298565689908e+01
7.593801417772945683e+01
2.483239956393005343e+02
5.659318866257342506e+02
9.894177107866569258e+02
1.466612582150974049e+03
1.964473116495079694e+03
2.465379981421160210e+03
2.960163528049818524e+03
3.442976404888998331e+03
3.910731336815941631e+03
4.360851716202604621e+03
4.792782825535789016e+03
5.223812108433151479e+03
5.618175820113995542e+03
