4.610649542370779015e-03
4.603698669229677569e-03
4.562317671789000925e-03
4.483568054128075561e-03
4.374610317822006690e-03
4.242864814377952931e-03
4.093672368748202568e-03
3.930464224124683055e-03
3.755325065795953217e-03
3.569437289537308149e-03
3.373364611504948464e-03
3.167220037126591836e-03
2.950759804229547822e-03
2.723429921640693752e-03
2.484380509544473464e-03
2.232455928859460644e-03
1.966164523797366871e-03
1.683631338789933493e-03
1.382546924534766792e-03
1.060171333236646120e-03
7.136269206153059673e-04
3.413220468753231447e-04
-5.172793997948459024e-05
-4.370432117655112373e-04
-7.222506977869729700e-04
