6.248488371949913536e-03
2.543804794420405704e-02
1.038988788277608044e-01
4.149684626570900314e-01
1.623666568171822755e+00
6.162405063886604140e+00
2.231043159222474515e+01
7.471672975511711456e+01
2.219254993850722713e+02
5.560933944860113343e+02
1.167572794245203795e+03
2.107037697757345541e+03
3.379953135776815998e+03
4.962306848663448363e+03
6.814355439690957610e+03
8.971189394796732813e+03
1.129023766043477008e+04
1.379204121070176006e+04
1.644275169184191327e+04
1.921957364121317005e+04
