1.133986767018753394e-02
6.437554749858007130e-02
3.593562314383864087e-01
1.965177549696305093e+00
1.035328981590640041e+01
5.044430604588367828e+01
2.107882000590281280e+02
6.732587433171663633e+02
1.635151710540632848e+03
3.167140710608457084e+03
5.250698761279602877e+03
7.876722753692003607e+03
1.090511422345707797e+04
1.427369013981304670e+04
1.813382582468662076e+04
2.210035125249857811e+04
2.627694135673821802e+04
3.059825034750355189e+04
3.480107624241618032e+04
3.965915924502805865e+04
