-7.332494116180063130e-03,-6.539363478016302182e-03,-5.723296859080277514e-03,-4.892577588971140472e-03,-4.037871095563745454e-03,-3.150409350291474061e-03,-2.229402251552525457e-03,-1.263757326864025331e-03,-2.729729071311877268e-04,7.364102724854216554e-04,1.759900464426799541e-03,2.789102833610215479e-03,3.828039670955813573e-03,4.874611251835405008e-03,5.916217197170206901e-03,6.968426295621591229e-03,8.026024079106516135e-03,9.088775974620147066e-03,1.016307707021133107e-02,1.122510664438114251e-02
-6.085731099340411371e-03,-5.424095345855832126e-03,-4.742044257105950192e-03,-4.044914005020438207e-03,-3.322239825039984083e-03,-2.561465722907735158e-03,-1.756493976533634802e-03,-8.906467917471275328e-04,1.581924841402883444e-05,9.546347625794162749e-04,1.918556352559543706e-03,2.896645879807668768e-03,3.892204938416768140e-03,4.901650525098730574e-03,5.910405015280727724e-03,6.935031598398304353e-03,7.968566768131854841e-03,9.010045888860633914e-03,1.006690049809660578e-02,1.111274023875368291e-02
-4.896322192784835665e-03,-4.363155674487475925e-03,-3.812671833589409854e-03,-3.247926244514831931e-03,-2.658028428018197487e-03,-2.027234306740034134e-03,-1.343091937029284276e-03,-5.820960400245119622e-04,2.364219416592136362e-04,1.102377946825398337e-03,2.005520790404766163e-03,2.931712312881085136e-03,3.883786487264956865e-03,4.856160809388659384e-03,5.832345654904312268e-03,6.830144573311458869e-03,7.840183367652912155e-03,8.861124981508160942e-03,9.901343326072328810e-03,1.093133530198854564e-02
-3.961698655130368833e-03,-3.531860270951048437e-03,-3.087619327337396986e-03,-2.630657796707420743e-03,-2.150396453981980212e-03,-1.629312748028260592e-03,-1.049352381362922502e-03,-3.804363652927234799e-04,3.607845022730634798e-04,1.162973407645721520e-03,2.013121325178809321e-03,2.894142316697998710e-03,3.808450684227691549e-03,4.748600118685628556e-03,5.696601434420068416e-03,6.671289011421391128e-03,7.661063197898641992e-03,8.664592154210563196e-03,9.690822083899364864e-03,1.070709451531092100e-02
-3.243528183947518104e-03,-2.894849759202085000e-03,-2.534296086229635529e-03,-2.162759558855338084e-03,-1.770416283680091921e-03,-1.339162817075457285e-03,-8.466726657902917414e-04,-2.571287518454931122e-04,4.167648098226523737e-04,1.163220411479843871e-03,1.966771816223952980e-03,2.808094564717547592e-03,3.688909618973240049e-03,4.600365032297647552e-03,5.523419375395676248e-03,6.477431653047660727e-03,7.449186088658617776e-03,8.437529851163310876e-03,9.451732419832716350e-03,1.045601293393346592e-02
-2.692602808699839402e-03,-2.407691217971870586e-03,-2.113021186754653492e-03,-1.809034197875069791e-03,-1.486870762532470054e-03,-1.128694946452158581e-03,-7.093191285397086382e-04,-1.883191218435050092e-04,4.262819529962882546e-04,1.123112538764385647e-03,1.884558617515394875e-03,2.690029153088431720e-03,3.540070364744888568e-03,4.425009093810483400e-03,5.325239947883622996e-03,6.259957068606375810e-03,7.215082438416902874e-03,8.189657390964107803e-03,9.193222598012092128e-03,1.018699180303239520e-02
-2.273876465778924306e-03,-2.038991764536307073e-03,-1.796087907427334910e-03,-1.545351322858759405e-03,-1.278947872993824262e-03,-9.798557236691013850e-04,-6.213058121156544034e-04,-1.595291212316232612e-04,4.023958490908834313e-04,1.054337955992815101e-03,1.776863231606127342e-03,2.549219119110337616e-03,3.370217543586809250e-03,4.229952583585834536e-03,5.108797642672980796e-03,6.025013706967454266e-03,6.964391605082045564e-03,7.926106099485553946e-03,8.920056094517073847e-03,9.904788410854480085e-03
-1.963521193401903623e-03,-1.767572024107786537e-03,-1.565013364104246183e-03,-1.355892521210852941e-03,-1.133377157810156301e-03,-8.815786469025611903e-04,-5.732135908294752310e-04,-1.624389100880848551e-04,3.524933913812485376e-04,9.634007476995846454e-04,1.649384214827033382e-03,2.390654379296003329e-03,3.183770629705368841e-03,4.019103085850968260e-03,4.877592274435705970e-03,5.775812456498512562e-03,6.700034131762129530e-03,7.649496753756720654e-03,8.634573694841463434e-03,9.611890406848490331e-03
-1.745251602921855417e-03,-1.579090994070736758e-03,-1.407449052767078754e-03,-1.230304956405492986e-03,-1.041761184287405637e-03,-8.272206838103425899e-04,-5.597253264558589396e-04,-1.925497756246021723e-04,2.804772359982723074e-04,8.536648912988995582e-04,1.505035866461457324e-03,2.216805968811041017e-03,2.982907610582555356e-03,3.794360234456683762e-03,4.633283226895754982e-03,5.513901200897611786e-03,6.423405923139465998e-03,7.361067400317088290e-03,8.337758267856454700e-03,9.309518135460954219e-03
-1.608169284032505636e-03,-1.464086050585804719e-03,-1.315411027342312930e-03,-1.162100678575701384e-03,-9.991069168733413951e-04,-8.131739566063437685e-04,-5.782980175599388394e-04,-2.479298916179135384e-04,1.879301204746667263e-04,7.264323878283322202e-04,1.344939284362117477e-03,2.028545856829796872e-03,2.768403245622886189e-03,3.556389517081036487e-03,4.376409843735140290e-03,5.239821816846268118e-03,6.134999233045186802e-03,7.061260825637769717e-03,8.029808281010646434e-03,8.998144651993266255e-03
-1.545612035142676340e-03,-1.416938044096753340e-03,-1.284359108074363152e-03,-1.147839764631805029e-03,-1.003092133919542255e-03,-8.381805580189349890e-04,-6.285038299486359493e-04,-3.285862949344189703e-04,7.469750384089204225e-05,5.814828865243015874e-04,1.168915450270645610e-03,1.825612603147436187e-03,2.540051183813096455e-03,3.305013649629386617e-03,4.106762042319275600e-03,4.953448432192130227e-03,5.834726729282352538e-03,6.750032634978541529e-03,7.710466596607227184e-03,8.677766098636578024e-03
-1.554562618464314485e-03,-1.435349868231074319e-03,-1.312745030484463405e-03,-1.186743257449731108e-03,-1.053731846146511606e-03,-9.030295613213608829e-04,-7.117374357828591723e-04,-4.361818291327371352e-04,-6.085140627770499109e-05,4.173152374779524215e-04,9.757031180082987361e-04,1.606827606000085524e-03,2.296860036576122734e-03,3.039397480109927181e-03,3.823562574600603611e-03,4.654154213381105944e-03,5.522083146905889910e-03,6.427005264667592921e-03,7.379219554864914661e-03,8.348038751949950556e-03
-1.635389521772687670e-03,-1.520129557364004614e-03,-1.401838223309355468e-03,-1.280559490553502457e-03,-1.153279139682212087e-03,-1.010477692555412184e-03,-8.311398302128156484e-04,-5.739583492370674972e-04,-2.217570921019254224e-04,2.312067401248304229e-04,7.630075606377731932e-04,1.370157031605681499e-03,2.037112075300422358e-03,2.758108369499274928e-03,3.525536531101746470e-03,4.340876623599935168e-03,5.196208987821969959e-03,6.091527327727101759e-03,7.035414312560529793e-03,8.008342169360129978e-03
-1.791818095946983791e-03,-1.675185261137884145e-03,-1.555745107569838975e-03,-1.433606848993444370e-03,-1.306288315947268415e-03,-1.165323594876789548e-03,-9.916708283347075176e-04,-7.468024355621166168e-04,-4.125384527257893656e-04,1.914372244231872587e-05,5.274290312311182179e-04,1.112661591151646112e-03,1.758324500808969510e-03,2.459089663817012449e-03,3.210903310592979482e-03,4.012115885198713934e-03,4.855890353546193049e-03,5.742670380988897615e-03,6.678310868884399995e-03,7.657801267564933421e-03
-2.031095675537490652e-03,-1.907699719104040317e-03,-1.781593346666851194e-03,-1.652967490442535520e-03,-1.519816597675087595e-03,-1.374611753254639628e-03,-1.200305605508806758e-03,-9.614293348974742000e-04,-6.393730570596913281e-04,-2.243546630141501604e-04,2.642908741863947463e-04,8.303498937898539517e-04,1.457128260635543121e-03,2.139562343264921930e-03,2.877305571474662437e-03,3.665883659455426453e-03,4.499514769275050376e-03,5.379184329344999585e-03,6.307072230562335222e-03,7.295286199114458213e-03
-2.364353785307451040e-03,-2.228488599615154660e-03,-2.089886560921187537e-03,-1.948838307960256084e-03,-1.803770663697117560e-03,-1.647970980920276333e-03,-1.466358058145351452e-03,-1.226686280742598709e-03,-9.103881597604565308e-04,-5.065178374748104768e-04,-3.263094899291654158e-05,5.179349562476268229e-04,1.129063333293684997e-03,1.795855114089541914e-03,2.521676320633426532e-03,3.299606888070842625e-03,4.124993149802492869e-03,4.999426353518687804e-03,5.920695245156028415e-03,6.919400479984994488e-03
-2.807207229650468712e-03,-2.652581675483684821e-03,-2.495067567528616234e-03,-2.335076048327191373e-03,-2.171433295178978005e-03,-1.998120182038913822e-03,-1.801960351752539225e-03,-1.554001339087427358e-03,-1.236084805251515782e-03,-8.367292607354883532e-04,-3.714932310572749592e-04,1.684780583691748723e-04,7.682740408675078339e-04,1.423148628629028987e-03,2.140032967493550597e-03,2.909979817266078201e-03,3.729647807848113922e-03,4.601270721243378575e-03,5.517892019780867852e-03,6.528463197661172127e-03
-3.380685131176267358e-03,-3.200118510655145833e-03,-3.016378306047022041e-03,-2.830021018828597808e-03,-2.640250479670898289e-03,-2.441616931841359035e-03,-2.222768674907452374e-03,-1.958042162131041347e-03,-1.629953052575648870e-03,-1.227107077706541356e-03,-7.629307762034588094e-04,-2.271200681015333989e-04,3.670654627153252807e-04,1.015098702733945122e-03,1.727170181966270921e-03,2.492741529832394245e-03,3.310053197360354055e-03,4.181996362618852804e-03,5.096941707444751016e-03,6.120490416619353731e-03
-4.112695399660032912e-03,-3.897752278747473442e-03,-3.679201972042358496e-03,-3.457776490722459708e-03,-3.233047269924971441e-03,-3.000007650648886613e-03,-2.749043741795411614e-03,-2.457722622505007035e-03,-2.109404991521185956e-03,-1.693373807990404371e-03,-1.220862952067660245e-03,-6.808692694603992682e-04,-8.476049438478516665e-05,5.632659365243365647e-04,1.276192540172727723e-03,2.042330600568473178e-03,2.861796457639419200e-03,3.738135206242939462e-03,4.655536051903003646e-03,5.693184179475105355e-03
-5.040437452714940231e-03,-4.780960140932660404e-03,-4.517268898992432211e-03,-4.250307841693306242e-03,-3.980018287382876274e-03,-3.701706107844622475e-03,-3.407412693935560344e-03,-3.077843172106727986e-03,-2.697289615646333242e-03,-2.256254980826239310e-03,-1.763776775915228872e-03,-1.208869420629928026e-03,-6.009561635993771389e-04,5.620639985397266958e-05,7.777675214582667126e-04,1.551321156366505718e-03,2.379090924291833980e-03,3.265243829554227966e-03,4.190630948587497490e-03,5.243943811698134096e-03
-6.214538529157483809e-03,-5.898005740373536351e-03,-5.576441019353290361e-03,-5.251044338865975929e-03,-4.922142581896874446e-03,-4.585215008296028051e-03,-4.233890554157359459e-03,-3.851904841259146724e-03,-3.424489143985354634e-03,-2.943862386601975908e-03,-2.416896140557940262e-03,-1.833278255511322204e-03,-1.200577618026660645e-03,-5.220420770169554355e-04,2.188811615133412285e-04,1.009470023673797673e-03,1.854123640179897430e-03,2.757531993414916432e-03,3.698291011369989837e-03,4.769924791563373047e-03
-7.705691103335902091e-03,-7.316309336605134397e-03,-6.920807315350873193e-03,-6.520691036894139987e-03,-6.116703271870116074e-03,-5.704341183516268080e-03,-5.278778722067761948e-03,-4.826677329753060498e-03,-4.334134884012889703e-03,-3.795550684121782193e-03,-3.215670949096776764e-03,-2.585438306042046538e-03,-1.910738286519298021e-03,-1.194321797484447110e-03,-4.190875877388601381e-04,4.022487841783388158e-04,1.276067756355335871e-03,2.207338107145377301e-03,3.173557464540159839e-03,4.268248324120853081e-03
-9.608944374993473245e-03,-9.126636480931685572e-03,-8.636762821277579882e-03,-8.141186640457995574e-03,-7.641110978856202260e-03,-7.131866732108253955e-03,-6.610162417595173874e-03,-6.065492548878077990e-03,-5.484651197830574081e-03,-4.864672994135184336e-03,-4.208214475715146147e-03,-3.507974055535442205e-03,-2.768349241643848404e-03,-1.991719463491861079e-03,-1.161301231301077683e-03,-2.896475013854773258e-04,6.310676763486837860e-04,1.605592553705337527e-03,2.611314664528571056e-03,3.737301367081897596e-03
-1.199211435471852008e-02,-1.139413474521979754e-02,-1.078671217784872398e-02,-1.017209910485110738e-02,-9.552002871258099062e-03,-8.921370411943092132e-03,-8.278439729447259823e-03,-7.615411182221388034e-03,-6.919473560732438550e-03,-6.190704314512971221e-03,-5.429738164758383077e-03,-4.631409472406410391e-03,-3.798844127973861114e-03,-2.934330170128625782e-03,-2.022142691274267205e-03,-1.074826963719165531e-03,-8.399058541275965066e-05,9.540982283227214186e-04,2.017244124843324115e-03,3.186975108957101899e-03
-1.445628485620485681e-02,-1.373979492872873416e-02,-1.301186395218935192e-02,-1.227507593776763946e-02,-1.153159718067960082e-02,-1.077584823860548539e-02,-1.000737223544307872e-02,-9.220566112584316354e-03,-8.402616699755496507e-03,-7.556498843348684324e-03,-6.681205864822480946e-03,-5.773623497312252439e-03,-4.835998951542986105e-03,-3.870907796420205646e-03,-2.863948103839011449e-03,-1.828129501519434657e-03,-7.553846769745347018e-04,3.563981184415294912e-04,1.485373736605910067e-03,2.705967684576365741e-03
