1.505017494253946947e-04
7.064133008104575171e-04
3.289559936761165225e-03
1.519256903888614035e-02
6.935624849278271276e-02
3.103699692704557922e-01
1.366148306703883986e+00
5.858595228364219309e+00
2.325025915152300726e+01
8.004134550328987530e+01
2.213258573021189477e+02
4.654186015818327746e+02
7.883338433673808368e+02
1.161724793698178928e+03
1.557655333511520666e+03
1.961462210223078046e+03
2.366624328343636080e+03
2.768505921702393607e+03
3.163105098987415658e+03
3.549308180714052924e+03
