8.621413483555054368e-04
4.029048488592749944e-03
1.866321025183642277e-02
8.544712332994741644e-02
3.861265652796772585e-01
1.708593909075688533e+00
7.321477899096771047e+00
2.968212882144486287e+01
1.091303137010294364e+02
3.417175216681995948e+02
8.672112768136656769e+02
1.796386675508524149e+03
3.164948675018128142e+03
4.965136667660282910e+03
7.137715111704517767e+03
9.724323701991557755e+03
1.252762466328477603e+04
1.559925416430381483e+04
1.887586084118697545e+04
2.230540951689828216e+04
