1.370305106766927269e-04
6.461154945477375630e-04
3.006346317141929056e-03
1.397144226174562055e-02
6.481660103821997032e-02
2.920608485307223945e-01
1.307937535277766461e+00
5.594071242882664663e+00
2.242313424659738530e+01
7.831960365021019754e+01
2.191144869380755154e+02
4.672234649891652793e+02
8.006549806670561793e+02
1.185401022239784652e+03
1.595855397966801320e+03
2.015016568567107697e+03
2.436788160217264249e+03
2.853012266619938600e+03
3.260759401960483046e+03
3.659537793903740294e+03
