8.616888379432453837e-04
4.027666990836807626e-03
1.862879904068371131e-02
8.470366896911328547e-02
3.858739427429919711e-01
1.707056322103196244e+00
7.310986580662486745e+00
2.964195867795427830e+01
1.089756832843102643e+02
3.412922286985135543e+02
8.666322571214401478e+02
1.797323989308028331e+03
3.169246499210878028e+03
4.978317403953838038e+03
7.162380444389302284e+03
9.767544588829921850e+03
1.259641579730971534e+04
1.566913411443591940e+04
1.896812398613154073e+04
2.243147988174428247e+04
