-7.702490717376049394e-03,-7.106704787850824656e-03,-6.505866030935465033e-03,-5.894768839131183692e-03,-5.273565437965263905e-03,-4.645313710392866800e-03,-4.001630563139919189e-03,-3.342174607630040307e-03,-2.663914796744397320e-03,-1.963882270418023171e-03,-1.242925972837466376e-03,-5.052240546318066466e-04,2.443285618457720918e-04,1.002694719828282205e-03,1.768492412213988618e-03,2.535830643596683528e-03,3.310380135709387224e-03,4.087675225915487522e-03,4.867264476154791429e-03,5.649202391483970111e-03
-6.927741450019911373e-03,-6.390858231019919469e-03,-5.849268691546282394e-03,-5.298415423335543599e-03,-4.738083295186185963e-03,-4.170509158416659326e-03,-3.587291242184203945e-03,-2.986712413047501458e-03,-2.364149181437311207e-03,-1.714929135661513076e-03,-1.038642060078701990e-03,-3.397592615277045735e-04,3.763360552193812151e-04,1.105480442802326537e-03,1.845853336892716579e-03,2.590484472098400406e-03,3.345411973582955532e-03,4.105235666081113489e-03,4.869267585274004648e-03,5.637592039001580041e-03
-5.998632279218520102e-03,-5.534234455558430243e-03,-5.065608567145829522e-03,-4.588936177531620537e-03,-4.103708731251521323e-03,-3.611356267156490968e-03,-3.103661855037888762e-03,-2.577413353615922321e-03,-2.025949099239285171e-03,-1.442186696682514228e-03,-8.237043790414872975e-04,-1.750025014528956485e-04,4.980370707695968907e-04,1.189799387571438332e-03,1.897885444755984191e-03,2.613845752840591573e-03,3.344232465398900341e-03,4.082391487936907343e-03,4.827279476444761540e-03,5.579013351525906328e-03
-5.170150753160961642e-03,-4.772188385072310100e-03,-4.370487679842259034e-03,-3.961874018651606946e-03,-3.545701471924643956e-03,-3.122840697803545840e-03,-2.685474714875362226e-03,-2.229293223514079887e-03,-1.745807030152968708e-03,-1.225483129458543796e-03,-6.635462730738071573e-04,-6.408718437337485550e-05,5.667690546558994428e-04,1.222004519414525555e-03,1.898690587942285539e-03,2.586930838964531399e-03,3.293712180207548825e-03,4.011199341404044806e-03,4.737946260474541066e-03,5.474082259011664453e-03
-4.490644578511959056e-03,-4.148730808812156785e-03,-3.803539226977884716e-03,-3.452424557761845769e-03,-3.094713955740787097e-03,-2.730933724190554371e-03,-2.353808122707641993e-03,-1.958382428564655383e-03,-1.534777202707566634e-03,-1.071299290284751697e-03,-5.607483705817041227e-04,-6.409832396784096084e-06,5.856982686216503703e-04,1.207314712877496964e-03,1.855118119395985287e-03,2.518014469465014449e-03,3.203183531694335767e-03,3.901861695909272006e-03,4.612203325611135760e-03,5.334301324969412984e-03
-3.949401830523004489e-03,-3.653574621411848338e-03,-3.354886360867831343e-03,-3.051121492613067046e-03,-2.741642264073755348e-03,-2.426773593494223943e-03,-2.099849108186679220e-03,-1.755640691459604786e-03,-1.383342913916765478e-03,-9.695394004644525623e-04,-5.047147586760291921e-04,8.936551143879885574e-06,5.658649422171569592e-04,1.156752692628081015e-03,1.778058797967847944e-03,2.417854023291085303e-03,3.083167452621249881e-03,3.764632943362056401e-03,4.460052377161987346e-03,5.169405013190744684e-03
-3.527271543483203112e-03,-3.268888642976878946e-03,-3.008014822455472043e-03,-2.742778712068557733e-03,-2.472609837725608245e-03,-2.197719505016106079e-03,-1.912066012201126854e-03,-1.610418827850973716e-03,-1.281460223783446959e-03,-9.105357146410006418e-04,-4.860481386786215299e-04,-8.935754413855475934e-06,5.160504799899496902e-04,1.078730885616723803e-03,1.675528732147208441e-03,2.294101039459672722e-03,2.940933679268713068e-03,3.606405022419472556e-03,4.288048829999339256e-03,4.985632942945981971e-03
-3.208385889461761419e-03,-2.980022645264975272e-03,-2.749494933826514709e-03,-2.515199768559268825e-03,-2.276650408082236260e-03,-2.033997227265133424e-03,-1.781804349362570237e-03,-1.515025355378655462e-03,-1.222168542668790152e-03,-8.878195246867732820e-04,-4.986112766456873022e-04,-5.417213997457530187e-05,4.418193982591484578e-04,9.785197581706180439e-04,1.552497093821539201e-03,2.151436766327990274e-03,2.780888156113194443e-03,3.431312773751736891e-03,4.100088397378469536e-03,4.786664889163875711e-03
-2.981396297806841560e-03,-2.776582766704494692e-03,-2.569892865455465376e-03,-2.359923068514661708e-03,-2.146279192522883988e-03,-1.929082362278328579e-03,-1.703463088050089684e-03,-1.464681540799637723e-03,-1.201332542861875295e-03,-8.976821640628359234e-04,-5.389470486760505104e-04,-1.234872759206016119e-04,3.462936275696714816e-04,8.590866183027583928e-04,1.411773128268506341e-03,1.992495621075596711e-03,2.605517468816270863e-03,3.241692545851495525e-03,3.898371802959117467e-03,4.574584137025994313e-03
-2.838734659603848413e-03,-2.651716591709478866e-03,-2.463077833656401438e-03,-2.271550487724009835e-03,-2.076838521158432069e-03,-1.879053277457970765e-03,-1.673840774683883455e-03,-1.456844103150826530e-03,-1.216934206888278672e-03,-9.384444615313291887e-04,-6.055400922410479224e-04,-2.154304969121655924e-04,2.308797123966162496e-04,7.218105162051112380e-04,1.254706222041382423e-03,1.818551389527855349e-03,2.416055939917990947e-03,3.038729594227748600e-03,3.684032647848609239e-03,4.350484747449354962e-03
-2.775859837941679464e-03,-2.601403605142223619e-03,-2.425555772173510274e-03,-2.247123862892858905e-03,-2.065914783623742576e-03,-1.882042673456340610e-03,-1.691612656207955269e-03,-1.490695046277481194e-03,-1.268565939336556165e-03,-1.009953872462782858e-03,-6.983255324366196073e-04,-3.299129161803789805e-04,9.572324661317667567e-05,5.669175488345591868e-04,1.081602349316664871e-03,1.629920669452879396e-03,2.212871871501388352e-03,2.822827211191704724e-03,3.457491562995361738e-03,4.114810964516861340e-03
-2.790778228933207296e-03,-2.624008599804090666e-03,-2.456055363035512633e-03,-2.285743420581634860e-03,-2.112988028885424540e-03,-1.937915022218533343e-03,-1.757030350075199435e-03,-1.566854498070777667e-03,-1.357148014650636468e-03,-1.113304585701758867e-03,-8.184164405274077167e-04,-4.679480096081092160e-04,-6.004503280224093642e-05,3.937137095596425582e-04,8.919441004373017965e-04,1.426178380474208730e-03,1.995673314931243735e-03,2.593802596317971651e-03,3.218644322940979186e-03,3.867537829553666096e-03
-2.883796640072932259e-03,-2.720055066083520035e-03,-2.555321916574180424e-03,-2.388382028042161567e-03,-2.219265967915687483e-03,-2.048118456812321291e-03,-1.871788187347118385e-03,-1.687255291623803366e-03,-1.484804297373959600e-03,-1.250711301931199280e-03,-9.679785300191937709e-04,-6.315325064707972376e-04,-2.381973035887778383e-04,2.006895488866473041e-04,6.844883758743066380e-04,1.206257912069597657e-03,1.763604828291353904e-03,2.350980066592845297e-03,2.966953020087262187e-03,3.608260142040905366e-03
-3.057441922715801921e-03,-2.892156160103019277e-03,-2.726059704493791723e-03,-2.557838808348350274e-03,-2.387648554496246689e-03,-2.215659276165951683e-03,-2.039005531057218584e-03,-1.855128882582220574e-03,-1.654846099329757275e-03,-1.425487563013681704e-03,-1.150204399911132795e-03,-8.236212182967375325e-04,-4.413857562899470397e-04,-1.445977978995040345e-05,4.572840634432190701e-04,9.684757607288312737e-04,1.515273854351598722e-03,2.093219429305470409e-03,2.701477252805975678e-03,3.336225555592286542e-03
-3.316510773304460775e-03,-3.145069074377052163e-03,-2.972990895412881435e-03,-2.798802523641939245e-03,-2.622795616299575857e-03,-2.445173212180960440e-03,-2.263300343721009328e-03,-2.075078360821713819e-03,-1.871840215061590764e-03,-1.642105381306935069e-03,-1.369365094090697899e-03,-1.048174444080660506e-03,-6.731880757687012289e-04,-2.548791889221690434e-04,2.076290547639070055e-04,7.104983694743271638e-04,1.248724120251883205e-03,1.818896913216369246e-03,2.420863037125756557e-03,3.050329715694335454e-03
-3.668245001309602266e-03,-3.485869199291195906e-03,-3.303028499681241216e-03,-3.118023068403277982e-03,-2.931296677801028313e-03,-2.743093142907424876e-03,-2.550953853441861787e-03,-2.353238090563263170e-03,-2.141760086766440318e-03,-1.906334758068018278e-03,-1.630937454020459304e-03,-1.310276206839942068e-03,-9.382191639070961309e-04,-5.246604065240363657e-04,-6.803029876456698438e-05,4.292539561949623933e-04,9.613594708970145874e-04,1.525842894573966246e-03,2.123295079720716443e-03,2.749080654996431759e-03
-4.122659368077171912e-03,-3.924271139356710209e-03,-3.725590242350774843e-03,-3.524617721808974424e-03,-3.321969213738076854e-03,-3.117938869924783037e-03,-2.910191014840152017e-03,-2.697543367789529897e-03,-2.472241875555154008e-03,-2.225483318723368333e-03,-1.941826084870417997e-03,-1.616340642778829910e-03,-1.242324686302725099e-03,-8.290244265337675441e-04,-3.742691491297393640e-04,1.207789169712408019e-04,6.498094796435178273e-04,1.211229673730001124e-03,1.806408288444132527e-03,2.430531446185356555e-03
-4.693084158147693870e-03,-4.473157942021980561e-03,-4.253113718726130033e-03,-4.030571287378619319e-03,-3.806343021372447441e-03,-3.580784957955241224e-03,-3.351630751980928021e-03,-3.118161700458364858e-03,-2.872994303407954819e-03,-2.608782102969904766e-03,-2.310723108667146666e-03,-1.974446722565563299e-03,-1.592893225007005172e-03,-1.174612681278745883e-03,-7.169529731933444632e-04,-2.200268657180141593e-04,3.097146493451243790e-04,8.713907488249686027e-04,1.467144336259334266e-03,2.092172060707659167e-03
-5.397009147829434812e-03,-5.149405135838041464e-03,-4.901858939857016255e-03,-4.651515311414031878e-03,-4.399414582547031376e-03,-4.145988766549118208e-03,-3.888985904606385210e-03,-3.628162937898346541e-03,-3.356436304992675181e-03,-3.067988058524689227e-03,-2.748672411346831778e-03,-2.394863854756772419e-03,-1.999344694958214361e-03,-1.569939116707379234e-03,-1.103651811783287707e-03,-5.997760437575698315e-04,-6.460332436106104570e-05,5.015429071121325910e-04,1.101531139996565116e-03,1.730765748351242948e-03
-6.257228470290924355e-03,-5.975006683384917819e-03,-5.693012042997103173e-03,-5.407806029878529583e-03,-5.120696125134153141e-03,-4.832207614543323169e-03,-4.540045237309388651e-03,-4.244463178350876137e-03,-3.938599188935884392e-03,-3.618240910362972938e-03,-3.269876058320943680e-03,-2.890805134160020096e-03,-2.473829406276343602e-03,-2.026034062395870063e-03,-1.544226420335893584e-03,-1.027121838564316707e-03,-4.806016200871202570e-04,9.540120172816285069e-05,7.043813977997854256e-04,1.342133142473470866e-03
-7.302626453813196652e-03,-6.977886207905093299e-03,-6.653514760525439629e-03,-6.325365661166850763e-03,-5.995062519581807921e-03,-5.663245144147647722e-03,-5.327513170790939417e-03,-4.988652076428574077e-03,-4.639935542592974436e-03,-4.278847156571673714e-03,-3.892443903051075963e-03,-3.479134862218361858e-03,-3.031886706288433250e-03,-2.557048609946313208e-03,-2.051372269820045304e-03,-1.513238327322012893e-03,-9.479209616125369850e-04,-3.551409189050658537e-04,2.690697983495055718e-04,9.210323972054136480e-04
-8.564940756830575694e-03,-8.188907585100236100e-03,-7.813307920136838489e-03,-7.433149332748373132e-03,-7.050430735528154767e-03,-6.665932042120171347e-03,-6.277081860713940552e-03,-5.885245220345239336e-03,-5.483742103174833911e-03,-5.071858773450573822e-03,-4.637109859307748591e-03,-4.179202304877526787e-03,-3.691375738172077928e-03,-3.179266289699111524e-03,-2.639696018630424863e-03,-2.070948316258608250e-03,-1.477548279992605242e-03,-8.591947039336134129e-04,-2.116511799141468505e-04,4.619879954451728177e-04
-1.005677208239679973e-02,-9.620955078479360642e-03,-9.185460388375003490e-03,-8.744321413823996983e-03,-8.299974182731460065e-03,-7.853366461036070945e-03,-7.401691754206864669e-03,-6.946950564026665130e-03,-6.482422913363027409e-03,-6.009300602000351883e-03,-5.515391434794552489e-03,-5.001883298220512891e-03,-4.462347116847432092e-03,-3.901762992725198078e-03,-3.317122134929864196e-03,-2.706834313885984888e-03,-2.074600209539525716e-03,-1.420298190777045163e-03,-7.396682912337571286e-04,-3.527728251908942295e-05
-1.168461861397122013e-02,-1.118542201843759562e-02,-1.068612858670004578e-02,-1.017976057057263031e-02,-9.669220905389689508e-03,-9.155642855162404725e-03,-8.635946800679989571e-03,-8.112792546199631277e-03,-7.579358026578164598e-03,-7.038733732972294113e-03,-6.478818139758783443e-03,-5.902367983046136191e-03,-5.303279972775384703e-03,-4.686000269420523279e-03,-4.047745969916407768e-03,-3.387235099101752571e-03,-2.707382889465458683e-03,-2.008432449991402313e-03,-1.286342076217411937e-03,-5.433350569804185808e-04
-1.301000751493877963e-02,-1.246122131739777796e-02,-1.191170852687399237e-02,-1.135372284602684939e-02,-1.079053572696832795e-02,-1.022343353786148504e-02,-9.649113368418251596e-03,-9.070755098600990010e-03,-8.481437582089659116e-03,-7.885698064449660899e-03,-7.271369701267723328e-03,-6.642462706785575398e-03,-5.993102280026185551e-03,-5.327425181840845549e-03,-4.642848039764929831e-03,-3.938428257023692154e-03,-3.216549352884221381e-03,-2.477853722175122567e-03,-1.718613658585884307e-03,-9.409489591785009932e-04
