9.631307698340517334e-04
4.480097698327560433e-03
2.061923852397666221e-02
9.376408356571332148e-02
4.197769509936382648e-01
1.847113522103797756e+00
7.847397729154334201e+00
3.155353836927612221e+01
1.146223427166118825e+02
3.543514319816723059e+02
8.868022460231686637e+02
1.817175661704493223e+03
3.166055196008303483e+03
4.932141713806940970e+03
7.049111794761086458e+03
9.567763625122557642e+03
1.229219808364285745e+04
1.526092785934246785e+04
1.843474048963907262e+04
2.174816365040420715e+04
