3.315220727113499244e+00
1.653542178059668899e+01
7.717118768714658472e+01
3.155083125804524116e+02
1.019209162525268539e+03
2.546005968542261598e+03
5.052075734825988548e+03
8.545085416524796528e+03
1.301437178419006523e+04
1.822466460313563948e+04
2.440964304346750578e+04
3.106204571119028697e+04
3.870118003011215478e+04
4.661650691924890270e+04
5.513388338695050334e+04
6.417928317293272994e+04
7.370550434193348337e+04
8.362969625804488896e+04
9.440038179329957347e+04
1.046563952541108883e+05
