5.843583904077695804e-03
3.658487426183478636e-02
2.279058701512721163e-01
1.408990327038455170e+00
8.555491158665713414e+00
4.991711067303810978e+01
2.607752148565785433e+02
1.085501154988754706e+03
3.203253017187932983e+03
7.092681245126418617e+03
1.283073489774072186e+04
2.035426677657639812e+04
2.950759057656083314e+04
4.016394783086166717e+04
5.227526134430352249e+04
6.552063627310746233e+04
7.978297949756267190e+04
9.482913227307581110e+04
1.110445629531754093e+05
1.277522171563655284e+05
