1.538211665663806026e-03
9.907890128112266381e-03
6.360606881731904749e-02
4.059204276473477035e-01
2.559002124958897895e+00
1.564648489523758634e+01
8.726567601856875456e+01
3.853189295351745045e+02
1.117192500089956638e+03
2.241401261707637786e+03
3.549697193481568775e+03
4.923574361201468491e+03
6.293040456005426677e+03
7.611405351793523550e+03
8.876361619372048153e+03
1.006863645021531738e+04
1.119570986624100078e+04
1.225291514553909292e+04
1.324778967438826839e+04
1.418010910344815602e+04
