5.269704302974193233e+00
3.018748907586925156e+01
1.591359067268379874e+02
6.956260460794837854e+02
2.219288052847197378e+03
5.218185695255210703e+03
9.855867201919294530e+03
1.609115039431797595e+04
2.382211596265676417e+04
3.271676160920666371e+04
4.308161430425378057e+04
5.420031104052039154e+04
6.634449195589475858e+04
7.994541349441510101e+04
9.386287142899513128e+04
1.086732150201213808e+05
1.241784458756600798e+05
1.402471977427689126e+05
1.567981038589143427e+05
1.737688209945784474e+05
