5.783681797611405460e-03
3.580044700491766263e-02
2.206421681609467000e-01
1.348592003826452723e+00
8.106169127506705152e+00
4.668062904178416517e+01
2.432023370347814932e+02
1.005762299585647725e+03
2.979367141250108943e+03
6.623360485656082346e+03
1.202473623407225386e+04
1.912367648749934597e+04
2.778754579438031942e+04
3.796976956090911699e+04
4.939898184951324220e+04
6.201043045101625466e+04
7.566610343561913760e+04
9.008402504820060858e+04
1.055778914206315530e+05
1.215702272204519104e+05
