1.426549063278906900e-03
9.105579895004071653e-03
5.794404052472560546e-02
3.665169073445667669e-01
2.290405151844422171e+00
1.389872371559659392e+01
7.715308640752181191e+01
3.429853173133467976e+02
9.923131870005510109e+02
2.057386961433669967e+03
3.293221989476955059e+03
4.586620796161430917e+03
5.876202508859489171e+03
7.138398896729290755e+03
8.345095859447948897e+03
9.497063812398120717e+03
1.058730233597725601e+04
1.161676633597939508e+04
1.258986642023805507e+04
1.350724059421910351e+04
