3.964099687868098409e-01
2.153216257625066632e+00
1.123576157309420687e+01
5.350245452939042679e+01
2.067534340420228034e+02
5.677774734178772178e+02
1.124617560423216446e+03
1.791719952624956250e+03
2.504631146769141651e+03
3.231387224317974869e+03
3.956616162907570470e+03
4.672407777689911200e+03
5.376291035519706384e+03
6.060081437496283797e+03
6.726850834794501679e+03
7.374016521128693967e+03
8.004703908395361395e+03
8.613386781561617681e+03
9.203311115876775148e+03
9.805808872700388747e+03
