1.277986589479248886e-03
8.047223540134982797e-03
5.052311801086956794e-02
3.154107040769579262e-01
1.943754150770364175e+00
1.165944397362621743e+01
6.449882703024415775e+01
2.889714450890356829e+02
8.745736254922030639e+02
1.811509648311262481e+03
2.938603702699331734e+03
4.131240364077051709e+03
5.340201623432613815e+03
6.516057052290037063e+03
7.653990122404076828e+03
8.742722104206339282e+03
9.777985703909846052e+03
1.076811303085655891e+04
1.170514039550909547e+04
1.259612866893156206e+04
